0.0
0.0
3.3
-4.0
-4.7
-2.0
-6.7
-9.3
-12.7
-10.0
-19.33
-24.67
-46.00
-55.33
-70.00
-84.00
-101.33
-110.00
-119.33
-115.33
-117.33
-112.00
-110.00
-108.67
-105.33
-106.00
-96.00
-101.33
-101.33
-100.00
-92.67
-92.67
-91.33
-90.00
-90.67
-87.33
-81.33
-82.00
-78.67
-88.00
-88.00
-85.33
-84.67
-82.00
-83.33
-73.33
-75.33
-76.67
-81.33
-82.00
-74.00
-73.33
-72.00
-80.67
-76.67
-72.00
-74.67
-80.00
-84.00
-80.00
-91.33
-85.33
-91.33
-86.67
-75.33
-83.33
-89.33
-80.67
-79.33
-82.67
-72.67
-66.00
-65.33
-66.67
-53.33
-48.00
-55.33
-56.67
-54.67
-54.67
-44.67
-39.33
-38.00
-40.00
-39.33
-48.00
-55.33
-63.33
-58.67
-56.67
-55.33
-53.33
-50.00
-44.67
-40.67
-36.00
-34.67
-40.00
-44.67
-36.67
-38.67
-46.00
-42.00
-43.33
-46.00
-41.33
-51.33
-54.00
-58.67
-59.33
-54.00
-52.67
-53.33
-46.67
-38.67
-32.00
-23.33
-20.67
-14.00
-4.67
-2.67
-2.00
3.33
8.67
-2.67
6.00
4.67
-9.33
-32.00
-44.67
-29.33
-38.67
-64.67
-78.67
-98.00
-108.67
-106.00
-104.67
-110.67
-109.33
-116.67
-105.33
-101.33
-103.33
-106.00
-100.67
-102.67
-106.00
-98.67
-101.33
-101.33
-95.33
-94.00
-92.67
-95.33
-85.33
-103.33
-100.67
-97.33
-95.33
-97.33
-94.67
-95.33
-98.00
-96.67
-96.67
-83.33
-78.67
-83.33
-84.67
-84.67
-86.67
-82.00
-76.67
-70.00
-72.67
-77.33
-82.00
-80.67
-83.33
-77.33
-82.00
-83.33
-76.00
-78.00
-90.67
-82.67
-78.00
-82.00
-77.33
-70.00
-60.00
-35.33
-46.00
-40.67
-45.33
-39.33
-34.00
-39.33
-22.67
-20.00
-20.00
-26.67
-25.33
-36.67
-39.33
-36.00
-36.67
-32.00
-27.33
-22.67
-24.67
-25.33
-28.00
-22.00
-20.67
-20.00
-16.67
-32.67
-47.33
-50.00
-66.67
-76.67
-80.67
-77.33
-70.00
-70.67
-64.00
-64.00
-52.67
-71.33
-66.00
-62.67
-49.33
-40.67
-32.00
-28.67
-16.00
-18.67
-14.00
-14.00
-20.67
-30.00
-36.67
-54.67
-62.67
-76.67
-72.00
-76.67
-75.33
-84.67
-90.00
-93.33
-86.00
-89.33
-76.00
-80.00
-88.00
-85.33
-86.00
-82.00
-86.00
-81.33
-82.00
-79.33
-80.67
-84.67
-84.67
-73.33
-86.00
-85.33
-84.67
-80.67
-80.67
-76.67
-76.67
-71.33
-80.67
-72.00
-66.67
-60.67
-65.33
-50.00
-42.67
-42.00
-40.67
-39.33
-44.00
-52.67
-55.33
-58.00
-58.67
-69.33
-66.00
-73.33
-72.00
-66.67
-71.33
-62.67
-66.67
-52.67
-55.33
-55.33
-51.33
-56.00
-56.00
-54.67
-51.33
-41.33
-42.00
-38.00
-31.33
-37.33
-30.67
-36.00
-26.00
-30.67
-44.00
-35.33
-23.33
-28.67
-20.00
-20.00
-16.00
1.33
-5.33
0.00
0.67
0.00
2.67
-4.67
-4.00
-10.67
-10.00
-18.67
-34.67
-56.67
-66.67
-62.67
-79.33
-91.33
-107.33
-106.67
-104.67
-102.00
-104.00
-96.67
-86.67
-84.00
-92.67
-96.00
-94.00
-82.67
-82.67
-78.00
-90.67
-82.00
-88.00
-90.00
-84.00
-87.33
-84.67
-84.67
-86.67
-75.33
-82.00
-72.67
-76.00
-78.00
-76.67
-75.33
-69.33
-79.33
-70.67
-74.00
-64.67
-65.33
-64.67
-64.00
-62.67
-64.00
-61.33
-54.67
-59.33
-56.67
-60.67
-52.67
-50.67
-46.00
-44.00
-48.67
-51.33
-49.33
-42.00
-46.00
-35.33
-32.67
-16.00
-20.67
-16.67
-6.00
2.00
4.00
5.33
2.00
8.00
2.67
1.33
4.00
0.67
5.33
-4.00
-5.33
-10.00
-12.00
-12.00
-18.67
-22.67
-34.67
-38.67
-36.00
-41.33
-47.33
-52.67
-46.00
-71.33
-84.67
-71.33
-99.33
-112.00
-116.67
-121.33
-121.33
-123.33
-123.33
-119.33
-122.67
-111.33
-104.00
-109.33
-102.00
-114.67
-115.33
-112.00
-106.00
-112.00
-106.00
-85.33
-102.67
-100.00
-101.33
-90.00
-100.00
-88.67
-91.33
-78.67
-92.67
-93.33
-88.00
-93.33
-88.67
-90.67
-92.00
-92.00
-80.67
-89.33
-82.00
-80.67
-76.67
-85.33
-73.33
-68.00
-72.67
-75.33
-77.33
-74.67
-71.33
-69.33
-66.00
-59.33
-59.33
-62.67
-52.00
-49.33
-37.33
-38.67
-35.33
-32.67
-29.33
-24.67
-20.67
-16.00
-26.67
-32.67
-40.00
-40.00
-40.00
-30.00
-39.33
-34.67
-40.67
-36.67
-34.67
-38.67
-45.33
-42.00
-52.00
-46.67
-62.00
-55.33
-60.67
-55.33
-66.00
-68.00
-58.00
-58.00
-52.00
-48.67
-56.00
-48.67
-48.00
-45.33
-43.33
-46.67
-40.00
-46.00
-49.33
-48.67
-46.00
-50.67
-49.33
-46.00
-52.00
-58.67
-69.33
-70.67
-88.00
-80.00
-87.33
-83.33
-86.67
-84.67
-81.33
-81.33
-82.00
-80.00
-85.33
-86.67
-88.00
-86.67
-84.67
-81.33
-86.00
-82.00
-70.67
-68.00
-77.33
-74.67
-68.00
-62.67
-60.67
-65.33
-60.67
-62.67
-52.00
-48.67
-42.00
-47.33
-51.33
-49.33
-45.33
-44.00
-24.00
-28.00
-33.33
-10.67
-15.33
-16.67
-18.00
-22.67
-30.67
-51.33
-60.00
-70.67
-72.00
-73.33
-63.33
-58.67
-64.00
-56.00
-57.33
-56.00
-52.67
-50.67
-44.67
-43.33
-44.00
-38.00
-50.67
-52.67
-56.00
-49.33
-36.00
-38.00
-38.00
-17.33
-19.33
-20.00
-28.67
-38.67
-57.33
-72.00
-93.33
-111.33
-118.67
-123.33
-121.33
-113.33
-118.00
-104.67
-118.67
-101.33
-96.67
-99.33
-101.33
-98.67
-104.00
-102.67
-89.33
-90.00
-94.00
-104.67
-90.00
-84.67
-94.67
-79.33
-86.00
-82.00
-78.00
-68.67
-60.67
-61.33
-53.33
-60.00
-48.00
-31.33
-32.00
-27.33
-18.00
-22.67
-28.00
-35.33
-40.67
-46.67
-53.33
-50.00
-55.33
-70.67
-92.00
-101.33
-95.33
-94.67
-80.67
-72.67
-62.00
-62.00
-52.67
-61.33
-64.00
-65.33
-58.67
-62.67
-83.33
-96.00
-90.67
-91.33
-83.33
-88.00
-90.67
-68.67
-73.33
-58.67
-70.00
-58.67
-56.00
-50.67
-42.67
-35.33
-27.33
-22.00
-16.67
-20.67
-21.33
-30.00
-31.33
-62.00
-69.33
-100.67
-96.00
-96.67
-96.67
-100.00
-88.00
-86.67
-84.00
-72.00
-76.67
-59.33
-56.67
-44.67
-48.67
-44.67
-46.00
-58.67
-48.00
-54.00
-56.00
-48.00
-39.33
-50.67
-52.67
-38.67
-29.33
-23.33
-26.67
-18.00
-28.00
-26.67
-15.33
-12.67
-14.67
-30.00
-23.33
-55.33
-72.67
-85.33
-96.00
-96.67
-97.33
-90.67
-96.67
-79.33
-82.67
-82.67
-81.33
-77.33
-72.67
-78.67
-78.00
-73.33
-70.67
-62.67
-60.67
-59.33
-50.67
-50.67
-57.33
-53.33
-55.33
-76.00
-85.33
-88.00
-80.00
-76.67
-68.67
-58.00
-56.00
-50.00
-52.67
-42.00
-44.00
-30.67
-22.67
-26.67
-16.67
-14.00
-4.67
-10.67
-6.67
-33.33
-62.00
-79.33
-90.00
-71.33
-65.33
-57.33
-50.00
-42.67
-36.00
-32.67
-35.33
-50.67
-61.33
-67.33
-65.33
-58.67
-55.33
-47.33
-40.67
-40.67
-47.33
-61.33
-70.00
-66.00
-66.00
-59.33
-60.00
-50.67
-33.33
-36.67
-40.00
-22.67
-27.33
-42.67
-40.67
-48.00
-56.67
-75.33
-73.33
-87.33
-73.33
-66.67
-76.67
-66.00
-70.67
-63.33
-69.33
-68.00
-59.33
-66.67
-56.67
-47.33
-28.67
-16.67
-6.67
-7.33
1.33
-12.67
-16.67
-20.67
-25.33
-38.67
-31.33
-44.00
-45.33
-48.00
-52.00
-51.33
-53.33
-70.67
-56.67
-53.33
-46.67
-40.00
-29.33
-41.33
-40.67
-59.33
-60.67
-64.67
-57.33
-82.67
-74.00
-84.67
-76.67
-72.67
-54.67
-66.00
-67.33
-52.67
-52.67
-49.33
-50.67
-42.00
-52.67
-39.33
-34.67
-35.33
-37.33
-30.00
-24.67
-24.67
-28.67
-20.00
-22.00
-24.67
-33.33
-35.33
-34.00
-38.00
-24.67
-40.67
-28.00
-36.00
-29.33
-54.67
-60.67
-69.33
-70.00
-80.00
-79.33
-64.67
-74.00
-62.00
-72.67
-64.67
-56.67
-58.00
-39.33
-33.33
-49.33
-47.33
-34.00
-26.67
-21.33
-12.67
-12.00
-7.33
-10.00
-8.00
-6.67
-16.00
-41.33
-58.00
-75.33
-72.00
-68.00
-69.33
-58.67
-44.67
-42.67
-56.00
-48.67
-45.33
-45.33
-40.67
-38.67
-40.67
-32.00
-29.33
-22.00
-28.00
-40.67
-49.33
-68.67
-74.67
-60.67
-47.33
-64.67
-61.33
-56.00
-55.33
-49.33
-44.67
-38.00
-28.00
-30.67
-32.00
-24.00
-33.33
-48.00
-47.33
-50.67
-51.33
-57.33
-55.33
-52.67
-64.00
-64.00
-58.00
-64.00
-56.00
-43.33
-42.00
-29.33
-24.00
-17.33
-12.00
-18.00
-21.33
-26.67
-38.00
-50.00
-50.67
-64.67
-54.00
-68.67
-65.33
-56.67
-64.67
-54.67
-48.67
-39.33
-32.67
-25.33
-33.33
-24.00
-31.33
-20.67
-17.33
-22.00
-26.67
-34.00
-49.33
-49.33
-64.67
-78.00
-66.00
-48.67
-40.67
-48.67
-40.00
-32.67
-32.67
-25.33
-19.33
-10.00
-10.00
-0.67
-0.67
-3.33
-7.33
-6.67
-8.67
-8.00
-17.33
-38.00
-64.67
-72.00
-67.33
-58.00
-56.00
-66.00
-50.67
-42.67
-26.00
-14.67
-10.00
-5.33
-12.67
-10.67
-14.00
-22.67
-12.67
-12.67
-18.67
-36.00
-54.67
-75.33
-67.33
-65.33
-70.67
-62.00
-61.33
-52.67
-34.00
-30.67
-37.33
-27.33
-29.33
-31.33
-44.00
-48.67
-64.67
-78.67
-74.67
-76.67
-71.33
-56.00
-49.33
-39.33
-30.00
-32.67
-37.33
-35.33
-23.33
-22.00
-33.33
-41.33
-62.67
-67.33
-63.33
-50.67
-50.67
-38.00
-28.67
-32.67
-42.00
-32.00
-25.33
-20.00
-9.33
-21.33
-28.67
-28.67
-43.33
-40.67
-44.67
-28.00
-30.00
-35.33
-52.00
-21.33
-22.67
-22.00
-24.67
-30.00
-43.33
-54.67
-62.67
-63.33
-68.00
-70.00
-58.67
-60.00
-56.67
-60.00
-45.33
-43.33
-42.00
-21.33
-32.67
-28.00
-22.67
-24.00
-34.00
-32.67
-34.67
-39.33
-36.00
-57.33
-61.33
-59.33
-62.67
-46.67
-42.00
-40.00
-22.67
-19.33
-32.67
-37.33
-38.00
-34.00
-42.00
-24.67
-24.67
-32.00
-30.67
-60.00
-65.33
-62.00
-41.33
-34.00
-40.00
-20.00
-26.67
-17.33
-19.33
-16.67
-10.00
-20.00
-22.67
-28.00
-38.00
-36.00
-41.33
-50.67
-55.33
-57.33
-44.00
-48.00
-38.00
-30.00
-28.67
-19.33
-30.00
-25.33
-50.00
-39.33
-33.33
-32.67
-28.00
-12.67
-26.67
-30.00
-22.67
-22.67
-22.67
-25.33
-38.00
-26.00
-25.33
-22.00
-27.33
-44.00
-64.00
-62.00
-49.33
-48.00
-40.00
-40.67
-33.33
-36.00
-30.67
-34.67
-24.00
-30.00
-25.33
-34.00
-30.67
-52.67
-46.67
-52.00
-40.00
-38.67
-38.67
-31.33
-27.33
-31.33
-28.00
-18.00
-16.67
-18.67
-14.67
-19.33
-23.33
-18.67
-52.67
-53.33
-62.67
-58.00
-52.67
-44.00
-36.00
-42.00
-44.67
-34.00
-25.33
-34.67
-18.00
-21.33
-14.67
-6.67
-10.00
-8.67
-19.33
-28.00
-30.00
-23.33
-30.67
-41.33
-38.67
-46.00
-44.00
-21.33
-26.67
-38.67
-20.67
-22.67
-15.33
-0.67
-14.00
-7.33
-8.67
-22.00
-26.67
-29.33
-26.00
-46.00
-36.67
-32.00
-26.00
-24.67
-32.67
-34.00
-43.33
-63.33
-63.33
-65.33
-70.00
-62.00
-61.33
-48.67
-50.67
-41.33
-43.33
-31.33
-26.67
-17.33
-15.33
-14.00
-21.33
-28.67
-26.67
-18.67
-18.00
-18.00
-32.67
-30.00
-30.00
-18.00
-16.00
-6.00
-4.00
-4.00
-7.33
0.00
-14.00
-24.67
-51.33
-61.33
-66.00
-66.67
-58.00
-61.33
-47.33
-43.33
-36.00
-30.67
-29.33
-22.00
-18.00
-8.67
-12.00
-12.67
-10.00
-22.00
-30.00
-36.00
-40.00
-42.00
-40.00
-34.00
-24.67
-24.00
-15.33
-24.00
-25.33
-22.67
-17.33
-10.67
-12.67
-15.33
-17.33
-22.00
-38.00
-52.00
-42.67
-38.00
-32.67
-25.33
-14.67
-10.67
-6.00
1.33
-4.67
-14.67
-9.33
-16.67
-18.00
-42.67
-38.00
-40.67
-45.33
-38.00
-30.67
-30.00
-15.33
-14.67
-2.67
-3.33
-8.67
-8.00
-13.33
-25.33
-31.33
-34.00
-34.67
-35.33
-24.67
-19.33
-27.33
-27.33
-19.33
-10.67
-4.00
2.00
-6.67
-9.33
-1.33
-23.33
-32.67
-38.00
-48.67
-46.00
-35.33
-42.67
-26.67
-32.67
-26.67
-10.67
-10.00
-9.33
-0.67
-6.67
-16.67
-20.67
-24.67
-12.00
-15.33
-16.67
-29.33
-30.67
-12.00
-4.00
-9.33
-9.33
-6.67
-8.00
-20.00
-17.33
-28.67
-46.67
-62.67
-57.33
-60.67
-52.00
-51.33
-48.00
-45.33
-33.33
-30.67
-14.67
-10.67
-10.67
1.33
-1.33
-5.33
-6.00
-13.33
-22.67
-31.33
-31.33
-48.67
-50.67
-62.00
-40.00
-28.00
-26.00
-13.33
3.33
-8.08
-16.83
-12.92
-28.33
-35.75
-44.50
-59.92
-60.67
-56.08
-60.83
-54.25
-45.00
-47.75
-34.50
-35.25
-28.00
-9.42
-4.17
1.75
-0.33
-5.08
-15.17
-12.58
-11.33
-12.08
-28.83
-22.25
-18.33
-18.42
-14.50
-8.58
-2.67
-4.75
1.83
-5.58
-16.33
-17.75
-19.17
-37.25
-48.00
-45.42
-42.17
-44.92
-29.67
-31.08
-17.83
-18.58
-6.67
-4.75
-9.50
-6.25
-4.33
-18.42
-19.17
-21.25
-33.33
-37.42
-45.50
-35.58
-23.67
-17.08
-13.17
0.75
-5.33
6.58
-6.83
-6.25
-3.00
-3.75
-5.17
-14.58
-15.33
-26.75
-36.17
-40.92
-31.67
-26.42
-31.83
-29.25
-32.00
-23.42
-44.17
-42.25
-38.33
-42.42
-49.83
-45.25
-45.33
-43.42
-36.17
-32.92
-23.67
-18.42
-10.50
-0.58
-4.67
4.58
-2.83
1.08
-1.67
-7.08
-5.83
-3.92
-11.33
-9.42
-9.50
-3.58
-2.33
-12.42
-14.50
-9.25
-6.00
-4.75
-6.83
-10.25
-8.33
-11.75
-21.83
-21.25
-28.00
-44.08
-46.83
-43.58
-38.33
-39.08
-37.17
-25.25
-20.67
-12.75
-5.50
-3.58
-6.33
-3.08
-7.17
-13.92
-18.67
-24.08
-21.50
-29.58
-23.00
-24.42
-25.83
-18.58
-9.33
-13.42
-21.50
-17.58
-17.00
-12.42
-12.50
-28.58
-29.33
-27.42
-30.83
-28.25
-30.33
-20.42
-17.17
-7.25
-12.67
-12.08
-19.50
-16.92
-16.33
-18.42
-31.17
-25.92
-32.67
-32.08
-32.17
-20.92
-27.67
-33.08
-19.83
-11.25
-5.33
3.92
3.83
-3.58
5.00
5.58
-10.50
-15.25
-5.33
-12.08
-10.83
-23.58
-20.33
-22.42
-32.50
-29.25
-30.67
-18.08
-5.50
-10.92
-13.00
-15.08
-14.50
-15.92
-25.33
-30.83
-32.33
-36.50
-34.67
-23.50
-11.00
-8.50
-18.00
-23.50
-25.00
-12.50
0.00
-6.83
-9.67
-10.50
-10.00
-0.17
-16.33
-16.50
-10.00
-8.83
-13.67
-19.83
-22.67
-28.17
-31.00
-35.83
-31.33
-29.50
-17.00
-3.17
-7.33
-9.50
-16.33
-19.83
-18.00
-12.83
-4.33
-13.83
-9.33
-8.17
-9.67
-21.83
-17.33
-22.83
-17.67
-25.17
-12.00
-12.17
-11.67
-21.17
-20.67
-31.50
-28.33
-32.50
-28.00
-37.50
-54.33
-60.50
-58.67
-39.50
-36.33
-26.50
-18.67
-25.50
-26.33
-29.17
-40.00
-33.50
-25.00
-27.83
-24.67
-20.83
-23.67
-37.17
-37.33
-30.83
-25.00
-19.83
-23.33
-24.17
-20.33
-14.50
-22.00
-28.83
-23.00
-9.17
-9.33
-18.83
-24.33
-18.50
-21.33
-32.17
-23.00
-11.83
-10.00
-17.50
-16.33
-21.83
-13.33
-14.67
-16.00
-20.67
-25.33
-30.00
-27.33
-18.67
-12.67
-18.67
-25.33
-26.00
-27.33
-21.33
-10.67
-14.00
-30.00
-28.67
-28.00
-17.33
-18.00
-24.00
-13.33
-20.67
-31.33
-40.00
-45.33
-37.33
-21.33
-16.67
-15.33
-27.33
-30.00
-44.67
-48.00
-32.00
-21.33
-16.67
-12.67
-19.33
-21.33
-24.67
-36.67
-37.33
-16.00
-6.67
-18.00
-13.33
-15.33
-31.33
-23.33
-16.67
-13.33
-10.67
-24.00
-23.33
-21.33
-16.00
-22.00
-32.00
-18.00
-24.67
-21.33
-18.00
-17.33
-32.67
-35.33
-21.33
-8.67
-10.00
-11.33
-10.67
-10.67
-29.33
-28.67
-34.67
-18.67
-14.67
-10.67
-22.00
-12.67
-12.67
-9.33
-22.67
-23.33
-12.00
-10.67
-6.67
-16.00
-20.67
-19.33
-11.33
-10.67
-14.00
-18.67
-18.67
-22.00
-22.00
-34.00
-38.00
-33.33
-28.67
-15.33
-14.67
-22.67
-19.33
-26.00
-29.33
-31.33
-28.67
-22.00
-22.00
-24.67
-18.67
-23.33
-19.33
-18.67
-20.00
-22.67
-22.67
-9.33
-10.00
-9.33
-12.00
-14.00
-18.00
-6.00
-16.67
-12.67
-16.67
-25.33
-28.67
-25.33
-18.00
-22.00
-17.33
-9.33
-8.67
-14.67
-20.67
-25.33
-20.67
-18.00
-8.00
-18.00
-16.67
-12.00
-20.00
-20.00
-22.00
-17.33
-24.67
-14.67
-15.33
-10.00
-22.00
-11.33
-14.67
-19.33
-20.00
-20.67
-10.00
-8.67
-8.00
-7.33
-6.67
-18.00
-8.00
0.00
-9.33
-7.33
-10.67
-20.00
-22.67
-14.67
-10.67
-16.67
-2.00
-6.67
-14.00
-17.33
-23.33
-20.00
-26.67
-16.00
-14.00
-10.00
-12.67
-10.00
-11.33
-20.00
-14.67
-8.00
-8.00
-9.33
-8.67
-14.67
-12.67
-24.67
-24.67
-26.00
-22.67
-13.33
-17.33
-4.00
-18.67
-20.67
-24.00
-9.33
-5.33
-10.00
-11.33
-19.33
-13.33
-16.67
-28.67
-25.33
-24.67
-18.00
-18.00
-16.67
-24.00
-27.33
-21.33
-20.67
-18.67
-19.33
-14.67
-14.67
-13.33
-24.00
-26.67
-10.00
-16.00
-8.67
-12.67
-8.67
-22.00
-29.33
-23.33
-26.67
-16.00
-12.67
-20.00
-14.67
-26.67
-27.33
-24.00
-12.00
-15.33
-20.67
-8.67
-12.67
-18.00
-31.33
-29.33
-18.00
-17.33
-13.33
-15.33
-17.33
-17.33
-28.00
-28.00
-20.00
-6.67
-8.00
-15.33
-20.67
-34.00
-38.00
-23.33
-22.00
-16.67
-10.00
-8.67
-12.00
-30.00
-36.00
-38.00
-28.00
-20.00
-8.00
-8.00
-15.33
-2.67
-12.00
-20.00
-22.67
-20.00
-21.33
-7.33
-8.67
-12.00
-13.33
-14.00
-29.33
-14.67
-0.67
-8.00
-4.00
-14.67
-14.00
-9.33
-0.67
-0.67
-2.67
-4.00
-22.00
-29.33
-20.67
-22.00
-8.00
-11.33
-13.33
2.67
-3.33
-5.33
4.67
-10.00
-18.00
-20.67
-12.67
-8.67
-4.67
0.67
3.33
5.33
-14.00
-11.33
-10.67
-12.00
-6.00
-14.67
-19.33
-32.00
-25.33
-19.33
-18.00
-6.00
-8.67
-18.00
-15.33
-9.33
-7.33
-13.33
-16.67
-2.67
-12.67
-16.00
-22.00
-24.00
-18.67
-16.67
-4.67
-10.67
-10.67
-4.67
-12.67
-16.00
-12.00
-4.00
-4.00
-7.33
-12.00
3.50
8.33
9.09
5.77
1.81
4.16
12.79
16.42
12.33
2.67
-3.34
-2.92
-1.86
1.61
3.16
6.67
6.42
4.70
1.54
0.16
1.32
2.99
6.28
8.60
7.43
3.09
-0.13
-0.81
5.60
9.28
10.12
3.38
1.44
0.59
-0.60
-13.74
-19.32
-16.42
-8.28
-6.75
-11.60
-12.55
-14.03
-14.94
-13.96
-8.32
-2.43
2.43
7.14
7.02
1.93
-2.30
-6.75
-7.38
-11.26
-9.27
-6.80
-3.86
-5.54
-9.59
-11.46
-8.02
-5.24
-2.10
-1.75
0.46
-0.04
3.14
2.85
-0.51
-5.39
-6.68
-0.53
4.42
4.03
-4.43
-12.71
-12.85
-5.14
-1.51
-0.70
-6.04
-13.47
-23.95
-30.49
-33.97
-32.82
-27.94
-16.41
-6.76
-1.78
-0.84
-9.98
-17.45
-20.66
-10.31
-4.32
-2.87
-4.72
-3.37
-3.81
-10.89
-18.76
-18.88
-12.20
-4.72
-5.79
-6.50
-10.32
-9.58
-8.90
-2.78
-1.51
2.05
-0.19
-4.55
-8.53
-9.97
-4.76
-4.69
-3.40
-2.00
5.14
4.29
0.82
-8.31
-10.44
-11.90
-9.69
-8.30
-6.07
-3.96
-2.68
-4.26
-12.76
-17.43
-17.20
-10.26
-4.67
-6.38
-6.79
-11.26
-13.50
-16.64
-13.29
-9.56
-6.44
-7.11
-7.11
-11.33
-19.78
-17.75
-10.06
-0.80
-0.87
-1.68
-6.94
-13.61
-20.37
-17.81
-8.19
-6.33
-3.47
-6.76
-4.01
-6.19
-7.64
-2.22
-1.11
-1.57
-7.22
-6.41
-3.59
-2.67
-9.32
-14.70
-14.85
-8.97
-3.19
-1.17
-2.58
-7.33
-16.33
-17.72
-14.30
-7.45
-5.05
-3.21
-3.07
-5.01
-6.43
-6.52
-5.12
-1.33
0.82
1.59
-3.01
-3.90
-3.17
-2.67
-4.67
-7.13
-7.90
-5.69
0.80
5.61
8.35
2.89
-1.64
-4.53
-0.73
4.10
3.01
1.62
-2.20
-3.91
-3.72
-2.30
1.81
3.57
4.63
3.47
2.22
-2.19
-6.27
-7.35
-6.13
-2.76
-4.17
-3.52
-4.38
-4.63
-3.74
-4.70
-5.02
-7.96
-9.39
-6.75
-5.03
-4.94
-5.34
-3.57
-1.22
-5.87
-8.99
-9.10
-6.52
-6.60
-7.42
-6.60
-5.31
-4.88
-3.01
-3.57
-5.41
-8.52
-7.70
-7.04
-4.81
-3.78
-0.07
3.48
3.14
-2.10
-9.22
-10.09
-8.08
-3.74
-5.35
-5.94
-8.09
-7.38
-7.49
-7.64
-6.46
-3.00
-0.41
-0.99
-1.92
-3.45
-1.98
-4.79
-5.00
-5.40
-1.71
2.87
8.35
9.33
5.90
0.74
-2.46
-6.20
-6.68
-4.97
-4.27
-5.40
-7.46
-5.48
-0.61
0.42
1.39
-3.16
0.10
1.52
1.39
-7.20
-12.98
-15.02
-9.79
-1.57
-0.43
-1.22
-8.53
-9.33
-13.59
-10.57
-9.92
-4.90
-3.89
0.11
1.09
-1.80
-5.95
-8.59
-10.00
-7.23
-2.22
4.61
6.67
3.01
-0.07
-3.58
-1.33
-0.60
4.07
2.45
-1.42
-7.11
-7.32
-6.47
-6.51
-10.27
-9.91
-6.69
-7.85
-8.00
-10.31
-6.13
-3.73
-1.42
0.90
2.73
2.52
-1.02
-7.22
-11.17
-9.40
-4.65
-1.35
-1.57
-4.66
-7.74
-9.72
-10.67
-7.90
-4.05
-0.56
3.02
3.68
1.26
-5.21
-10.86
-9.86
-4.02
3.77
9.01
9.04
7.27
1.64
-3.58
-6.59
-6.37
-3.77
0.99
3.52
3.95
-2.49
-6.27
-7.78
-4.89
-1.00
0.60
-0.10
-3.03
-4.84
-5.03
-4.32
-1.41
1.69
5.57
5.92
3.67
-1.22
-6.38
-6.38
-4.16
0.74
3.90
4.57
4.02
1.75
-0.13
-1.82
-2.62
-3.41
-4.67
-6.42
-5.62
-3.32
-0.07
3.32
6.20
5.77
2.02
-3.43
-6.61
-8.96
-11.23
-12.83
-13.08
-11.64
-10.91
-9.71
-10.83
-11.41
-10.63
-7.25
-3.78
-1.34
1.09
3.22
3.49
1.97
-0.35
-1.95
-4.00
-3.81
-4.27
-2.85
-3.92
-3.44
-6.41
-6.81
-8.34
-8.66
-8.92
-7.51
-1.91
0.68
-1.25
-6.27
-12.48
-14.50
-17.01
-15.17
-12.73
-7.05
-2.19
0.72
-0.87
-3.37
-7.37
-8.75
-12.47
-11.09
-9.70
-5.91
-2.36
-0.41
0.48
1.48
-1.50
-3.84
-8.82
-7.38
-2.59
-0.90
-0.59
-5.31
-4.21
-2.77
1.86
2.15
-0.72
-8.73
-12.08
-15.15
-11.26
-10.45
-7.16
-5.71
-5.16
-5.32
-7.02
-6.99
-5.85
-5.21
-2.87
2.47
6.33
2.89
-3.02
-8.47
-10.70
-10.07
-6.99
-1.88
-0.56
-1.80
-4.29
-5.70
-5.01
-3.81
-4.95
-4.58
-1.77
-0.95
-0.89
-0.77
-0.67
-2.10
-6.78
-8.96
-10.16
-10.26
-8.83
-4.13
-1.25
-3.23
-7.63
-9.69
-8.32
-7.68
-6.26
-2.32
1.10
0.37
-3.47
-8.31
-10.16
-10.35
-10.56
-10.71
-10.27
-11.84
-14.97
-17.24
-16.24
-14.13
-11.01
-8.09
-7.45
-13.62
-18.97
-20.22
-19.49
-15.64
-15.87
-11.51
-11.03
-7.78
-6.04
-2.82
2.54
1.88
2.62
-0.75
2.15
-1.56
-0.89
-3.25
4.23
1.26
5.47
0.82
5.50
6.16
8.22
8.74
5.97
-2.33
-5.47
-10.48
-2.70
-4.89
1.11
-0.22
6.89
8.18
13.44
13.66
11.04
9.36
4.25
5.65
4.07
10.30
12.74
15.70
15.41
14.89
11.70
7.93
5.19
3.56
2.07
3.63
4.22
7.41
9.63
10.00
8.22
5.41
5.93
7.63
7.41
6.15
0.26
-3.37
-5.07
2.59
5.26
8.15
3.78
2.74
-3.04
-2.59
1.30
5.59
6.63
-2.37
2.72
2.59
10.53
8.47
9.05
8.15
6.81
7.48
11.33
10.00
10.15
5.85
10.54
12.62
14.84
12.37
9.46
8.88
8.41
7.06
4.97
2.81
2.12
1.81
1.40
0.72
-1.11
-2.63
-2.93
-1.13
-1.06
-4.65
-12.69
-16.07
-14.50
-8.36
-3.85
-1.62
-0.39
1.19
3.14
7.48
9.26
7.70
6.59
6.76
9.03
9.77
5.86
4.86
2.71
7.02
14.20
16.35
20.00
14.41
16.41
9.08
9.97
7.82
11.15
11.85
6.00
5.78
1.89
6.26
6.70
3.93
3.86
6.35
11.83
13.31
8.81
6.74
4.67
5.78
7.93
12.44
15.26
19.33
21.11
20.96
10.06
-0.27
-7.67
-5.52
-3.38
-1.24
0.90
3.05
5.19
7.33
9.48
10.03
9.76