0.00
60.00
120.00
180.00
240.00
300.00
360.00
420.00
480.00
540.00
600.00
660.00
720.00
780.00
840.00
900.00
960.00
1020.00
1080.00
1140.00
1200.00
1260.00
1320.00
1380.00
1440.00
1500.00
1560.00
1620.00
1680.00
1740.00
1800.00
1860.00
1920.00
1980.00
2040.00
2100.00
2160.00
2220.00
2280.00
2340.00
2400.00
2460.00
2520.00
2580.00
2640.00
2700.00
2760.00
2820.00
2880.00
2940.00
3000.00
3060.00
3120.00
3180.00
3240.00
3300.00
3360.00
3420.00
3480.00
3540.00
3600.00
3660.00
3720.00
3780.00
3840.00
3900.00
3960.00
4020.00
4080.00
4140.00
4200.00
4260.00
4320.00
4380.00
4440.00
4500.00
4560.00
4620.00
4680.00
4740.00
4800.00
4860.00
4920.00
4980.00
5040.00
5100.00
5160.00
5220.00
5280.00
5340.00
5400.00
5460.00
5520.00
5580.00
5640.00
5700.00
5760.00
5820.00
5880.00
5940.00
6000.00
6060.00
6120.00
6180.00
6240.00
6300.00
6360.00
6420.00
6480.00
6540.00
6600.00
6660.00
6720.00
6780.00
6840.00
6900.00
6960.00
7020.00
7080.00
7140.00
7200.00
7260.00
7320.00
7380.00
7440.00
7500.00
7560.00
7620.00
7680.00
7740.00
7800.00
7860.00
7920.00
7980.00
8040.00
8100.00
8160.00
8220.00
8280.00
8340.00
8400.00
8460.00
8520.00
8580.00
8640.00
8700.00
8760.00
8820.00
8880.00
8940.00
9000.00
9060.00
9120.00
9180.00
9240.00
9300.00
9360.00
9420.00
9480.00
9540.00
9600.00
9660.00
9720.00
9780.00
9840.00
9900.00
9960.00
10020.00
10080.00
10140.00
10200.00
10260.00
10320.00
10380.00
10440.00
10500.00
10560.00
10620.00
10680.00
10740.00
10800.00
10860.00
10920.00
10980.00
11040.00
11100.00
11160.00
11220.00
11280.00
11340.00
11400.00
11460.00
11520.00
11580.00
11640.00
11700.00
11760.00
11820.00
11880.00
11940.00
12000.00
12060.00
12120.00
12180.00
12240.00
12300.00
12360.00
12420.00
12480.00
12540.00
12600.00
12660.00
12720.00
12780.00
12840.00
12900.00
12960.00
13020.00
13080.00
13140.00
13200.00
13260.00
13320.00
13380.00
13440.00
13500.00
13560.00
13620.00
13680.00
13740.00
13800.00
13860.00
13920.00
13980.00
14040.00
14100.00
14160.00
14220.00
14280.00
14340.00
14400.00
14460.00
14520.00
14580.00
14640.00
14700.00
14760.00
14820.00
14880.00
14940.00
15000.00
15060.00
15120.00
15180.00
15240.00
15300.00
15360.00
15420.00
15480.00
15540.00
15600.00
15660.00
15720.00
15780.00
15840.00
15900.00
15960.00
16020.00
16080.00
16140.00
16200.00
16260.00
16320.00
16380.00
16440.00
16500.00
16560.00
16620.00
16680.00
16740.00
16800.00
16860.00
16920.00
16980.00
17040.00
17100.00
17160.00
17220.00
17280.00
17340.00
17400.00
17460.00
17520.00
17580.00
17640.00
17700.00
17760.00
17820.00
17880.00
17940.00
18000.00
18060.00
18120.00
18180.00
18240.00
18300.00
18360.00
18420.00
18480.00
18540.00
18600.00
18660.00
18720.00
18780.00
18840.00
18900.00
18960.00
19020.00
19080.00
19140.00
19200.00
19260.00
19320.00
19380.00
19440.00
19500.00
19560.00
19620.00
19680.00
19740.00
19800.00
19860.00
19920.00
19980.00
20040.00
20100.00
20160.00
20220.00
20280.00
20340.00
20400.00
20460.00
20520.00
20580.00
20640.00
20700.00
20760.00
20820.00
20880.00
20940.00
21000.00
21060.00
21120.00
21180.00
21240.00
21300.00
21360.00
21420.00
21480.00
21540.00
21600.00
21660.00
21720.00
21780.00
21840.00
21900.00
21960.00
22020.00
22080.00
22140.00
22200.00
22260.00
22320.00
22380.00
22440.00
22500.00
22560.00
22620.00
22680.00
22740.00
22800.00
22860.00
22920.00
22980.00
23040.00
23100.00
23160.00
23220.00
23280.00
23340.00
23400.00
23460.00
23520.00
23580.00
23640.00
23700.00
23760.00
23820.00
23880.00
23940.00
24000.00
24060.00
24120.00
24180.00
24240.00
24300.00
24360.00
24420.00
24480.00
24540.00
24600.00
24660.00
24720.00
24780.00
24840.00
24900.00
24960.00
25020.00
25080.00
25140.00
25200.00
25260.00
25320.00
25380.00
25440.00
25500.00
25560.00
25620.00
25680.00
25740.00
25800.00
25860.00
25920.00
25980.00
26040.00
26100.00
26160.00
26220.00
26280.00
26340.00
26400.00
26460.00
26520.00
26580.00
26640.00
26700.00
26760.00
26820.00
26880.00
26940.00
27000.00
27060.00
27120.00
27180.00
27240.00
27300.00
27360.00
27420.00
27480.00
27540.00
27600.00
27660.00
27720.00
27780.00
27840.00
27900.00
27960.00
28020.00
28080.00
28140.00
28200.00
28260.00
28320.00
28380.00
28440.00
28500.00
28560.00
28620.00
28680.00
28740.00
28800.00
28860.00
28920.00
28980.00
29040.00
29100.00
29160.00
29220.00
29280.00
29340.00
29400.00
29460.00
29520.00
29580.00
29640.00
29700.00
29760.00
29820.00
29880.00
29940.00
30000.00
30060.00
30120.00
30180.00
30240.00
30300.00
30360.00
30420.00
30480.00
30540.00
30600.00
30660.00
30720.00
30780.00
30840.00
30900.00
30960.00
31020.00
31080.00
31140.00
31200.00
31260.00
31320.00
31380.00
31440.00
31500.00
31560.00
31620.00
31680.00
31740.00
31800.00
31860.00
31920.00
31980.00
32040.00
32100.00
32160.00
32220.00
32280.00
32340.00
32400.00
32460.00
32520.00
32580.00
32640.00
32700.00
32760.00
32820.00
32880.00
32940.00
33000.00
33060.00
33120.00
33180.00
33240.00
33300.00
33360.00
33420.00
33480.00
33540.00
33600.00
33660.00
33720.00
33780.00
33840.00
33900.00
33960.00
34020.00
34080.00
34140.00
34200.00
34260.00
34320.00
34380.00
34440.00
34500.00
34560.00
34620.00
34680.00
34740.00
34800.00
34860.00
34920.00
34980.00
35040.00
35100.00
35160.00
35220.00
35280.00
35340.00
35400.00
35460.00
35520.00
35580.00
35640.00
35700.00
35760.00
35820.00
35880.00
35940.00
36000.00
36060.00
36120.00
36180.00
36240.00
36300.00
36360.00
36420.00
36480.00
36540.00
36600.00
36660.00
36720.00
36780.00
36840.00
36900.00
36960.00
37020.00
37080.00
37140.00
37200.00
37260.00
37320.00
37380.00
37440.00
37500.00
37560.00
37620.00
37680.00
37740.00
37800.00
37860.00
37920.00
37980.00
38040.00
38100.00
38160.00
38220.00
38280.00
38340.00
38400.00
38460.00
38520.00
38580.00
38640.00
38700.00
38760.00
38820.00
38880.00
38940.00
39000.00
39060.00
39120.00
39180.00
39240.00
39300.00
39360.00
39420.00
39480.00
39540.00
39600.00
39660.00
39720.00
39780.00
39840.00
39900.00
39960.00
40020.00
40080.00
40140.00
40200.00
40260.00
40320.00
40380.00
40440.00
40500.00
40560.00
40620.00
40680.00
40740.00
40800.00
40860.00
40920.00
40980.00
41040.00
41100.00
41160.00
41220.00
41280.00
41340.00
41400.00
41460.00
41520.00
41580.00
41640.00
41700.00
41760.00
41820.00
41880.00
41940.00
42000.00
42060.00
42120.00
42180.00
42240.00
42300.00
42360.00
42420.00
42480.00
42540.00
42600.00
42660.00
42720.00
42780.00
42840.00
42900.00
42960.00
43020.00
43080.00
43140.00
43200.00
43260.00
43320.00
43380.00
43440.00
43500.00
43560.00
43620.00
43680.00
43740.00
43800.00
43860.00
43920.00
43980.00
44040.00
44100.00
44160.00
44220.00
44280.00
44340.00
44400.00
44460.00
44520.00
44580.00
44640.00
44700.00
44760.00
44820.00
44880.00
44940.00
45000.00
45060.00
45120.00
45180.00
45240.00
45300.00
45360.00
45420.00
45480.00
45540.00
45600.00
45660.00
45720.00
45780.00
45840.00
45900.00
45960.00
46020.00
46080.00
46140.00
46200.00
46260.00
46320.00
46380.00
46440.00
46500.00
46560.00
46620.00
46680.00
46740.00
46800.00
46860.00
46920.00
46980.00
47040.00
47100.00
47160.00
47220.00
47280.00
47340.00
47400.00
47460.00
47520.00
47580.00
47640.00
47700.00
47760.00
47820.00
47880.00
47940.00
48000.00
48060.00
48120.00
48180.00
48240.00
48300.00
48360.00
48420.00
48480.00
48540.00
48600.00
48660.00
48720.00
48780.00
48840.00
48900.00
48960.00
49020.00
49080.00
49140.00
49200.00
49260.00
49320.00
49380.00
49440.00
49500.00
49560.00
49620.00
49680.00
49740.00
49800.00
49860.00
49920.00
49980.00
50040.00
50100.00
50160.00
50220.00
50280.00
50340.00
50400.00
50460.00
50520.00
50580.00
50640.00
50700.00
50760.00
50820.00
50880.00
50940.00
51000.00
51060.00
51120.00
51180.00
51240.00
51300.00
51360.00
51420.00
51480.00
51540.00
51600.00
51660.00
51720.00
51780.00
51840.00
51900.00
51960.00
52020.00
52080.00
52140.00
52200.00
52260.00
52320.00
52380.00
52440.00
52500.00
52560.00
52620.00
52680.00
52740.00
52800.00
52860.00
52920.00
52980.00
53040.00
53100.00
53160.00
53220.00
53280.00
53340.00
53400.00
53460.00
53520.00
53580.00
53640.00
53700.00
53760.00
53820.00
53880.00
53940.00
54000.00
54060.00
54120.00
54180.00
54240.00
54300.00
54360.00
54420.00
54480.00
54540.00
54600.00
54660.00
54720.00
54780.00
54840.00
54900.00
54960.00
55020.00
55080.00
55140.00
55200.00
55260.00
55320.00
55380.00
55440.00
55500.00
55560.00
55620.00
55680.00
55740.00
55800.00
55860.00
55920.00
55980.00
56040.00
56100.00
56160.00
56220.00
56280.00
56340.00
56400.00
56460.00
56520.00
56580.00
56640.00
56700.00
56760.00
56820.00
56880.00
56940.00
57000.00
57060.00
57120.00
57180.00
57240.00
57300.00
57360.00
57420.00
57480.00
57540.00
57600.00
57660.00
57720.00
57780.00
57840.00
57900.00
57960.00
58020.00
58080.00
58140.00
58200.00
58260.00
58320.00
58380.00
58440.00
58500.00
58560.00
58620.00
58680.00
58740.00
58800.00
58860.00
58920.00
58980.00
59040.00
59100.00
59160.00
59220.00
59280.00
59340.00
59400.00
59460.00
59520.00
59580.00
59640.00
59700.00
59760.00
59820.00
59880.00
59940.00
60000.00
60060.00
60120.00
60180.00
60240.00
60300.00
60360.00
60420.00
60480.00
60540.00
60600.00
60660.00
60720.00
60780.00
60840.00
60900.00
60960.00
61020.00
61080.00
61140.00
61200.00
61260.00
61320.00
61380.00
61440.00
61500.00
61560.00
61620.00
61680.00
61740.00
61800.00
61860.00
61920.00
61980.00
62040.00
62100.00
62160.00
62220.00
62280.00
62340.00
62400.00
62460.00
62520.00
62580.00
62640.00
62700.00
62760.00
62820.00
62880.00
62940.00
63000.00
63060.00
63120.00
63180.00
63240.00
63300.00
63360.00
63420.00
63480.00
63540.00
63600.00
63660.00
63720.00
63780.00
63840.00
63900.00
63960.00
64020.00
64080.00
64140.00
64200.00
64260.00
64320.00
64380.00
64440.00
64500.00
64560.00
64620.00
64680.00
64740.00
64800.00
64860.00
64920.00
64980.00
65040.00
65100.00
65160.00
65220.00
65280.00
65340.00
65400.00
65460.00
65520.00
65580.00
65640.00
65700.00
65760.00
65820.00
65880.00
65940.00
66000.00
66060.00
66120.00
66180.00
66240.00
66300.00
66360.00
66420.00
66480.00
66540.00
66600.00
66660.00
66720.00
66780.00
66840.00
66900.00
66960.00
67020.00
67080.00
67140.00
67200.00
67260.00
67320.00
67380.00
67440.00
67500.00
67560.00
67620.00
67680.00
67740.00
67800.00
67860.00
67920.00
67980.00
68040.00
68100.00
68160.00
68220.00
68280.00
68340.00
68400.00
68460.00
68520.00
68580.00
68640.00
68700.00
68760.00
68820.00
68880.00
68940.00
69000.00
69060.00
69120.00
69180.00
69240.00
69300.00
69360.00
69420.00
69480.00
69540.00
69600.00
69660.00
69720.00
69780.00
69840.00
69900.00
69960.00
70020.00
70080.00
70140.00
70200.00
70260.00
70320.00
70380.00
70440.00
70500.00
70560.00
70620.00
70680.00
70740.00
70800.00
70860.00
70920.00
70980.00
71040.00
71100.00
71160.00
71220.00
71280.00
71340.00
71400.00
71460.00
71520.00
71580.00
71640.00
71700.00
71760.00
71820.00
71880.00
71940.00
72000.00
72060.00
72120.00
72180.00
72240.00
72300.00
72360.00
72420.00
72480.00
72540.00
72600.00
72660.00
72720.00
72780.00
72840.00
72900.00
72960.00
73020.00
73080.00
73140.00
73200.00
73260.00
73320.00
73380.00
73440.00
73500.00
73560.00
73620.00
73680.00
73740.00
73800.00
73860.00
73920.00
73980.00
74040.00
74100.00
74160.00
74220.00
74280.00
74340.00
74400.00
74460.00
74520.00
74580.00
74640.00
74700.00
74760.00
74820.00
74880.00
74940.00
75000.00
75060.00
75120.00
75180.00
75240.00
75300.00
75360.00
75420.00
75480.00
75540.00
75600.00
75660.00
75720.00
75780.00
75840.00
75900.00
75960.00
76020.00
76080.00
76140.00
76200.00
76260.00
76320.00
76380.00
76440.00
76500.00
76560.00
76620.00
76680.00
76740.00
76800.00
76860.00
76920.00
76980.00
77040.00
77100.00
77160.00
77220.00
77280.00
77340.00
77400.00
77460.00
77520.00
77580.00
77640.00
77700.00
77760.00
77820.00
77880.00
77940.00
78000.00
78060.00
78120.00
78180.00
78240.00
78300.00
78360.00
78420.00
78480.00
78540.00
78600.00
78660.00
78720.00
78780.00
78840.00
78900.00
78960.00
79020.00
79080.00
79140.00
79200.00
79260.00
79320.00
79380.00
79440.00
79500.00
79560.00
79620.00
79680.00
79740.00
79800.00
79860.00
79920.00
79980.00
80040.00
80100.00
80160.00
80220.00
80280.00
80340.00
80400.00
80460.00
80520.00
80580.00
80640.00
80700.00
80760.00
80820.00
80880.00
80940.00
81000.00
81060.00
81120.00
81180.00
81240.00
81300.00
81360.00
81420.00
81480.00
81540.00
81600.00
81660.00
81720.00
81780.00
81840.00
81900.00
81960.00
82020.00
82080.00
82140.00
82200.00
82260.00
82320.00
82380.00
82440.00
82500.00
82560.00
82620.00
82680.00
82740.00
82800.00
82860.00
82920.00
82980.00
83040.00
83100.00
83160.00
83220.00
83280.00
83340.00
83400.00
83460.00
83520.00
83580.00
83640.00
83700.00
83760.00
83820.00
83880.00
83940.00
84000.00
84060.00
84120.00
84180.00
84240.00
84300.00
84360.00
84420.00
84480.00
84540.00
84600.00
84660.00
84720.00
84780.00
84840.00
84900.00
84960.00
85020.00
85080.00
85140.00
85200.00
85260.00
85320.00
85380.00
85440.00
85500.00
85560.00
85620.00
85680.00
85740.00
85800.00
85860.00
85920.00
85980.00
86040.00
86100.00
86160.00
86220.00
86280.00
86340.00
86400.00
86460.00
86520.00
86580.00
86640.00
86700.00
86760.00
86820.00
86880.00
86940.00
87000.00
87060.00
87120.00
87180.00
87240.00
87300.00
87360.00
87420.00
87480.00
87540.00
87600.00
87660.00
87720.00
87780.00
87840.00
87900.00
87960.00
88020.00
88080.00
88140.00
88200.00
88260.00
88320.00
88380.00
88440.00
88500.00
88560.00
88620.00
88680.00
88740.00
88800.00
88860.00
88920.00
88980.00
89040.00
89100.00
89160.00
89220.00
89280.00
89340.00
89400.00
89460.00
89520.00
89580.00
89640.00
89700.00
89760.00
89820.00
89880.00
89940.00
90000.00
90060.00
90120.00
90180.00
90240.00
90300.00
90360.00
90420.00
90480.00
90540.00
90600.00
90660.00
90720.00
90780.00
90840.00
90900.00
90960.00
91020.00
91080.00
91140.00
91200.00
91260.00
91320.00
91380.00
91440.00
91500.00
91560.00
91620.00
91680.00
91740.00
91800.00
91860.00
91920.00
91980.00
92040.00
92100.00
92160.00
92220.00
92280.00
92340.00
92400.00
92460.00
92520.00
92580.00
92640.00
92700.00
92760.00
92820.00
92880.00
92940.00
93000.00
93060.00
93120.00
93180.00
93240.00
93300.00
93360.00
93420.00
93480.00
93540.00
93600.00
93660.00
93720.00
93780.00
93840.00
93900.00
93960.00
94020.00
94080.00
94140.00
94200.00
94260.00
94320.00
94380.00
94440.00
94500.00
94560.00
94620.00
94680.00
94740.00
94800.00
94860.00
94920.00
94980.00
95040.00
95100.00
95160.00
95220.00
95280.00
95340.00
95400.00
95460.00
95520.00
95580.00
95640.00
95700.00
95760.00
95820.00
95880.00
95940.00
96000.00
96060.00
96120.00
96180.00
96240.00
96300.00
96360.00
96420.00
96480.00
96540.00
96600.00
96660.00
96720.00
96780.00
96840.00
96900.00
96960.00
97020.00
97080.00
97140.00
97200.00
97260.00
97320.00
97380.00
97440.00
97500.00
97560.00
97620.00
97680.00
97740.00
97800.00
97860.00
97920.00
97980.00
98040.00
98100.00
98160.00
98220.00
98280.00
98340.00
98400.00
98460.00
98520.00
98580.00
98640.00
98700.00
98760.00
98820.00
98880.00
98940.00
99000.00
99060.00
99120.00
99180.00
99240.00
99300.00
99360.00
99420.00
99480.00
99540.00
99600.00
99660.00
99720.00
99780.00
99840.00
99900.00
99960.00
100020.00
100080.00
100140.00
100200.00
100260.00
100320.00
100380.00
100440.00
100500.00
100560.00
100620.00
100680.00
100740.00
100800.00
100860.00
100920.00
100980.00
101040.00
101100.00
101160.00
101220.00
101280.00
101340.00
101400.00
101460.00
101520.00
101580.00
101640.00
101700.00
101760.00
101820.00
101880.00
101940.00
102000.00
102060.00
102120.00
102180.00
102240.00
102300.00
102360.00
102420.00
102480.00
102540.00
102600.00
102660.00
102720.00
102780.00
102840.00
102900.00
102960.00
103020.00
103080.00
103140.00
103200.00
103260.00
103320.00
103380.00
103440.00
103500.00
103560.00
103620.00
103680.00
103740.00
103800.00
103860.00
103920.00
103980.00
104040.00
104100.00
104160.00
104220.00
104280.00
104340.00
104400.00
104460.00
104520.00
104580.00
104640.00
104700.00
104760.00
104820.00
104880.00
104940.00
105000.00
105060.00
105120.00
105180.00
105240.00
105300.00
105360.00
105420.00
105480.00
105540.00
105600.00
105660.00
105720.00
105780.00
105840.00
105900.00
105960.00
106020.00
106080.00
106140.00
106200.00
106260.00
106320.00
106380.00
106440.00
106500.00
106560.00
106620.00
106680.00
106740.00
106800.00
106860.00
106920.00
106980.00
107040.00
107100.00
107160.00
107220.00
107280.00
107340.00
107400.00
107460.00
107520.00
107580.00
107640.00
107700.00
107760.00
107820.00
107880.00
107940.00
108000.00
108060.00
108120.00
108180.00
108240.00
108300.00
108360.00
108420.00
108480.00
108540.00
108600.00
108660.00
108720.00
108780.00
108840.00
108900.00
108960.00
109020.00
109080.00
109140.00
109200.00
109260.00
109320.00
109380.00
109440.00
109500.00
109560.00
109620.00
109680.00
109740.00
109800.00
109860.00
109920.00
109980.00
110040.00
110100.00
110160.00
110220.00
110280.00
110340.00
110400.00
110460.00
110520.00
110580.00
110640.00
110700.00
110760.00
110820.00
110880.00
110940.00
111000.00
111060.00
111120.00
111180.00
111240.00
111300.00
111360.00
111420.00
111480.00
111540.00
111600.00
111660.00
111720.00
111780.00
111840.00
111900.00
111960.00
112020.00
112080.00
112140.00
112200.00
112260.00
112320.00
112380.00
112440.00
112500.00
112560.00
112620.00
112680.00
112740.00
112800.00
112860.00
112920.00
112980.00
113040.00
113100.00
113160.00
113220.00
113280.00
113340.00
113400.00
113460.00
113520.00
113580.00
113640.00
113700.00
113760.00
113820.00
113880.00
113940.00
114000.00
114060.00
114120.00
114180.00
114240.00
114300.00
114360.00
114420.00
114480.00
114540.00
114600.00
114660.00
114720.00
114780.00
114840.00
114900.00
114960.00
115020.00
115080.00
115140.00
115200.00
115260.00
115320.00
115380.00
115440.00
115500.00
115560.00
115620.00
115680.00
115740.00
115800.00
115860.00
115920.00
115980.00
116040.00
116100.00
116160.00
116220.00
116280.00
116340.00
116400.00
116460.00
116520.00
116580.00
116640.00
116700.00
116760.00
116820.00
116880.00
116940.00
117000.00
117060.00
117120.00
117180.00
117240.00
117300.00
117360.00
117420.00
117480.00
117540.00
117600.00
117660.00
117720.00
117780.00
117840.00
117900.00
117960.00
118020.00
118080.00
118140.00
118200.00
118260.00
118320.00
118380.00
118440.00
118500.00
118560.00
118620.00
118680.00
118740.00
118800.00
118860.00
118920.00
118980.00
119040.00
119100.00
119160.00
119220.00
119280.00
119340.00
119400.00
119460.00
119520.00
119580.00
119640.00
119700.00
119760.00
119820.00
119880.00
119940.00
120000.00
120060.00
120120.00
120180.00
120240.00
120300.00
120360.00
120420.00
120480.00
120540.00
120600.00
120660.00
120720.00
120780.00
120840.00
120900.00
120960.00
121020.00
121080.00
121140.00
121200.00
121260.00
121320.00
121380.00
121440.00
121500.00
121560.00
121620.00
121680.00
121740.00
121800.00
121860.00
121920.00
121980.00
122040.00
122100.00
122160.00
122220.00
122280.00
122340.00
122400.00
122460.00
122520.00
122580.00
122640.00
122700.00
122760.00
122820.00
122880.00
122940.00
123000.00
123060.00
123120.00
123180.00
123240.00
123300.00
123360.00
123420.00
123480.00
123540.00
123600.00
123660.00
123720.00
123780.00
123840.00
123900.00
123960.00
124020.00
124080.00
124140.00
124200.00
124260.00
124320.00
124380.00
124440.00
124500.00
124560.00
124620.00
124680.00
124740.00
124800.00
124860.00
124920.00
124980.00
125040.00
125100.00
125160.00
125220.00
125280.00
125340.00
125400.00
125460.00
125520.00
125580.00
125640.00
125700.00
125760.00
125820.00
125880.00
125940.00
126000.00
126060.00
126120.00
126180.00
126240.00
126300.00
126360.00
126420.00
126480.00
126540.00
126600.00
126660.00
126720.00
126780.00
126840.00
126900.00
126960.00
127020.00
127080.00
127140.00
127200.00
127260.00
127320.00
127380.00
127440.00
127500.00
127560.00
127620.00
127680.00
127740.00
127800.00
127860.00
127920.00
127980.00
128040.00
128100.00
128160.00
128220.00
128280.00
128340.00
128400.00
128460.00
128520.00
128580.00
128640.00
128700.00
128760.00
128820.00
128880.00
128940.00
129000.00
129060.00
129120.00
129180.00
129240.00
129300.00
129360.00
129420.00
129480.00
129540.00
129600.00
129660.00
129720.00
129780.00
129840.00
129900.00
129960.00
130020.00
130080.00
130140.00
130200.00
130260.00
130320.00
130380.00
130440.00
130500.00
130560.00
130620.00
130680.00
130740.00
130800.00
130860.00
130920.00
130980.00
131040.00
131100.00
131160.00
131220.00
131280.00
131340.00
131400.00
131460.00
131520.00
131580.00
131640.00
131700.00
131760.00
131820.00
131880.00
131940.00
132000.00
132060.00
132120.00
132180.00
132240.00
132300.00
132360.00
132420.00
132480.00
132540.00
132600.00
132660.00
132720.00
132780.00
132840.00
132900.00
132960.00
133020.00
133080.00
133140.00
133200.00
133260.00
133320.00
133380.00
133440.00
133500.00
133560.00
133620.00
133680.00
133740.00
133800.00
133860.00
133920.00
133980.00
134040.00
134100.00
134160.00
134220.00
134280.00
134340.00
134400.00
134460.00
134520.00
134580.00
134640.00
134700.00
134760.00
134820.00
134880.00
134940.00
135000.00
135060.00
135120.00
135180.00
135240.00
135300.00
135360.00
135420.00
135480.00
135540.00
135600.00
135660.00
135720.00
135780.00
135840.00
135900.00
135960.00
136020.00
136080.00
136140.00
136200.00
136260.00
136320.00
136380.00
136440.00
136500.00
136560.00
136620.00
136680.00
136740.00
136800.00
136860.00
136920.00
136980.00
137040.00
137100.00
137160.00
137220.00
137280.00
137340.00
137400.00
137460.00
137520.00
137580.00
137640.00
137700.00
137760.00
137820.00
137880.00
137940.00
138000.00
138060.00
138120.00
138180.00
138240.00
138300.00
138360.00
138420.00
138480.00
138540.00
138600.00
138660.00
138720.00
138780.00
138840.00
138900.00
138960.00
139020.00
139080.00
139140.00
139200.00
139260.00
139320.00
139380.00
139440.00
139500.00
139560.00
139620.00
139680.00
139740.00
139800.00
139860.00
139920.00
139980.00
140040.00
140100.00
140160.00
140220.00
140280.00
140340.00
140400.00
140460.00
140520.00
140580.00
140640.00
140700.00
140760.00
140820.00
140880.00
140940.00
141000.00
141060.00
141120.00
141180.00
141240.00
141300.00
141360.00
141420.00
141480.00
141540.00
141600.00
141660.00
141720.00
141780.00
141840.00
141900.00
141960.00
142020.00
142080.00
142140.00
142200.00
142260.00
142320.00
142380.00
142440.00
142500.00
142560.00
142620.00
142680.00
142740.00
142800.00
142860.00
142920.00
142980.00
143040.00
143100.00
143160.00
143220.00
143280.00
143340.00
143400.00
143460.00
143520.00
143580.00
143640.00
143700.00
143760.00
143820.00
143880.00
143940.00
144000.00
144060.00
144120.00
144180.00
144240.00
144300.00
144360.00
144420.00
144480.00
144540.00
144600.00
144660.00
144720.00
144780.00
144840.00
144900.00
144960.00
145020.00
145080.00
145140.00
145200.00
145260.00
145320.00
145380.00
145440.00
145500.00
145560.00
145620.00
145680.00
145740.00
145800.00
145860.00
145920.00
145980.00
146040.00
146100.00
146160.00
146220.00
146280.00
146340.00
146400.00
146460.00
146520.00
146580.00
146640.00
146700.00
146760.00
146820.00
146880.00
146940.00
147000.00
147060.00
147120.00
147180.00
147240.00
147300.00
147360.00
147420.00
147480.00
147540.00
147600.00
147660.00
147720.00
147780.00
147840.00
147900.00
147960.00
148020.00
148080.00
148140.00
148200.00
148260.00
148320.00
148380.00
148440.00
148500.00
148560.00
148620.00
148680.00
148740.00
148800.00
148860.00
148920.00
148980.00
149040.00
149100.00
149160.00
149220.00
149280.00
149340.00
149400.00
149460.00
149520.00
149580.00
149640.00
149700.00
149760.00
149820.00
149880.00
149940.00
150000.00
150060.00
150120.00
150180.00
150240.00
150300.00
150360.00
150420.00
150480.00
150540.00
150600.00
150660.00
150720.00
150780.00
150840.00
150900.00
150960.00
151020.00
151080.00
151140.00
151200.00
151260.00
151320.00
151380.00
151440.00
151500.00
151560.00
151620.00
151680.00
151740.00
151800.00
151860.00
151920.00
151980.00
152040.00
152100.00
152160.00
152220.00
152280.00
152340.00
152400.00
152460.00
152520.00
152580.00
152640.00
152700.00
152760.00
152820.00
152880.00
152940.00
153000.00
153060.00
153120.00
153180.00
153240.00
153300.00
153360.00
153420.00
153480.00
153540.00
153600.00
153660.00
153720.00
153780.00
153840.00
153900.00
153960.00
154020.00
154080.00
154140.00
154200.00
154260.00
154320.00
154380.00
154440.00
154500.00
154560.00
154620.00
154680.00
154740.00
154800.00
154860.00
154920.00
154980.00
155040.00
155100.00
155160.00
155220.00
155280.00
155340.00
155400.00
155460.00
155520.00
155580.00
155640.00
155700.00
155760.00
155820.00
155880.00
155940.00
156000.00
156060.00
156120.00
156180.00
156240.00
156300.00
156360.00
156420.00
156480.00
156540.00
156600.00
156660.00
156720.00
156780.00
156840.00
156900.00
156960.00
157020.00
157080.00
157140.00
157200.00
157260.00
157320.00
157380.00
157440.00
157500.00
157560.00
157620.00
157680.00
157740.00
157800.00
157860.00
157920.00
157980.00
158040.00
158100.00
158160.00
158220.00
158280.00
158340.00
158400.00
158460.00
158520.00
158580.00
158640.00
158700.00
158760.00
158820.00
158880.00
158940.00
159000.00
159060.00
159120.00
159180.00
159240.00
159300.00
159360.00
159420.00
159480.00
159540.00
159600.00
159660.00
159720.00
159780.00
159840.00
159900.00
159960.00
160020.00
160080.00
160140.00
160200.00
160260.00
160320.00
160380.00
160440.00
160500.00
160560.00
160620.00
160680.00
160740.00
160800.00
160860.00
160920.00
160980.00
161040.00
161100.00
161160.00
161220.00
161280.00
161340.00
161400.00
161460.00
161520.00
161580.00
161640.00
161700.00
161760.00
161820.00
161880.00
161940.00
162000.00
162060.00
162120.00
162180.00
162240.00
162300.00
162360.00
162420.00
162480.00
162540.00
162600.00
162660.00
162720.00
162780.00
162840.00
162900.00
162960.00
163020.00
163080.00
163140.00
163200.00
163260.00
163320.00
163380.00
163440.00
163500.00
163560.00
163620.00
163680.00
163740.00
163800.00
163860.00
163920.00
163980.00
164040.00
164100.00
164160.00
164220.00
164280.00
164340.00
164400.00
164460.00
164520.00
164580.00
164640.00
164700.00
164760.00
164820.00
164880.00
164940.00
165000.00
165060.00
165120.00
165180.00
165240.00
165300.00
165360.00
165420.00
165480.00
165540.00
165600.00
165660.00
165720.00
165780.00
165840.00
165900.00
165960.00
166020.00
166080.00
166140.00
166200.00
166260.00
166320.00
166380.00
166440.00
166500.00
166560.00
166620.00
166680.00
166740.00
166800.00
166860.00
166920.00
166980.00
167040.00
167100.00
167160.00
167220.00
167280.00
167340.00
167400.00
167460.00
167520.00
167580.00
167640.00
167700.00
167760.00
167820.00
167880.00
167940.00
168000.00
168060.00
168120.00
168180.00
168240.00
168300.00
168360.00
168420.00
168480.00
168540.00
168600.00
168660.00
168720.00
168780.00
168840.00
168900.00
168960.00
169020.00
169080.00
169140.00
169200.00
169260.00
169320.00
169380.00
169440.00
169500.00
169560.00