0.065
0.065
0.065
0.065
0.065
0.065
0.065
0.065
0.065
0.065
0.065
0.065
0.065
0.065
0.065
0.065
0.065
0.065
0.065
0.065
0.065
0.065
0.065
0.065
0.065
0.065
0.065
0.065
0.065
0.065
0.065
0.065
0.065
0.065
0.065
0.065
0.065
0.065
0.065
0.065
0.065
0.065
0.065
0.065
0.065
0.065
0.065
0.065
0.065
0.065
0.065
0.065
0.065
0.065
0.065
0.065
0.065
0.065
0.065
0.065
0.065
0.065
0.065
0.065
0.065
0.065
0.065
0.065
0.065
0.065
0.065
0.065
0.065
0.065
0.065
0.065
0.065
0.065
0.065
0.065
0.065
0.065
0.065
0.065
0.065
0.065
0.065
0.065
0.065
0.065
0.065
0.065
0.065
0.065
0.065
0.065
0.065
0.065
0.065
0.065
0.065
0.065
0.065
0.065
0.065
0.065
0.065
0.065
0.065
0.065
0.065
0.065
0.065
0.065
0.065
0.065
0.065
0.065
0.065
0.065
0.065
0.065
0.065
0.065
0.065
0.065
0.065
0.065
0.065
0.065
0.065
0.065
0.065
0.065
0.065
0.065
0.065
0.065
0.065
0.065
0.065
0.065
0.065
0.065
0.065
0.065
0.065
0.065
0.065
0.065
0.065
0.065
0.065
0.065
0.065
0.065
0.065
0.065
0.065
0.065
0.065
0.06512
0.06524
0.06536
0.06548
0.0656
0.06572
0.06584
0.06596
0.06608
0.0662
0.06632
0.06644
0.06656
0.06668
0.0668
0.06692
0.06704
0.06716
0.06728
0.0674
0.06752
0.06764
0.06776
0.06788
0.068
0.06812
0.06824
0.06836
0.06848
0.0686
0.06872
0.06884
0.06896
0.06908
0.0692
0.06932
0.06944
0.06956
0.06968
0.0698
0.06992
0.07004
0.07016
0.07028
0.0704
0.07052
0.07064
0.07076
0.07088
0.071
0.07112
0.07124
0.07136
0.07148
0.0716
0.07172
0.07184
0.07196
0.07208
0.0722
0.07232
0.07244
0.07256
0.07268
0.0728
0.07292
0.07304
0.07316
0.07328
0.0734
0.07352
0.07364
0.07376
0.07388
0.074
0.07412
0.07424
0.07436
0.07448
0.0746
0.07472
0.07484
0.07496
0.07508
0.0752
0.07532
0.07544
0.07556
0.07568
0.0758
0.07592
0.07604
0.07616
0.07628
0.0764
0.07652
0.07664
0.07676
0.07688
0.077
0.07712
0.07724
0.07736
0.07748
0.0776
0.07772
0.07784
0.07796
0.07808
0.0782
0.07832
0.07844
0.07856
0.07868
0.0788
0.07892
0.07904
0.07916
0.07928
0.0794
0.07952
0.07964
0.07976
0.07988
0.08
0.08012
0.08024
0.08036
0.08048
0.0806
0.08072
0.08084
0.08096
0.08108
0.0812
0.08132
0.08144
0.08156
0.08168
0.0818
0.08192
0.08204
0.08216
0.08228
0.0824
0.08252
0.08264
0.08276
0.08288
0.083
0.08312
0.08324
0.08336
0.08348
0.0836
0.08372
0.08384
0.08396
0.08408
0.0842
0.08432
0.08444
0.08456
0.08468
0.0848
0.08492
0.08504
0.08516
0.08528
0.0854
0.08552
0.08564
0.08576
0.08588
0.086
0.08612
0.08624
0.08636
0.08648
0.0866
0.08672
0.08684
0.08696
0.08708
0.0872
0.08732
0.08744
0.08756
0.08768
0.0878
0.08792
0.08804
0.08816
0.08828
0.0884
0.08852
0.08864
0.08876
0.08888
0.089
0.08912
0.08924
0.08936
0.08948
0.0896
0.08972
0.08984
0.08996
0.09008
0.0902
0.09032
0.09044
0.09056
0.09068
0.0908
0.09092
0.09104
0.09116
0.09128
0.0914
0.09152
0.09164
0.09176
0.09188
0.092
0.09212
0.09224
0.09236
0.09248
0.0926
0.09272
0.09284
0.09296
0.09308
0.0932
0.09332
0.09344
0.09356
0.09368
0.0938
0.09392
0.09404
0.09416
0.09428
0.0944
0.09452
0.09464
0.09476
0.09488
0.095
0.09512
0.09524
0.09536
0.09548
0.0956
0.09572
0.09584
0.09596
0.09608
0.0962
0.09632
0.09644
0.09656
0.09668
0.0968
0.09692
0.09704
0.09716
0.09728
0.0974
0.09752
0.09764
0.09776
0.09788
0.098
0.09812
0.09824
0.09836
0.09848
0.0986
0.09872
0.09884
0.09896
0.09908
0.0992
0.09932
0.09944
0.09956
0.09968
0.0998
0.09992
0.10004
0.10016
0.10028
0.1004
0.10052
0.10064
0.10076
0.10088
0.101
0.10112
0.10124
0.10136
0.10148
0.1016
0.10172
0.10184
0.10196
0.10208
0.1022
0.10232
0.10244
0.10256
0.10268
0.1028
0.10292
0.10304
0.10316
0.10328
0.1034
0.10352
0.10364
0.10376
0.10388
0.104
0.10412
0.10424
0.10436
0.10448
0.1046
0.10472
0.10484
0.10496
0.10508
0.1052
0.10532
0.10544
0.10556
0.10568
0.1058
0.10592
0.10604
0.10616
0.10628
0.1064
0.10652
0.10664
0.10676
0.10688
0.107
0.10712
0.10724
0.10736
0.10748
0.1076
0.10772
0.10784
0.10796
0.10808
0.1082
0.10832
0.10844
0.10856
0.10868
0.1088
0.10892
0.10904
0.10916
0.10928
0.1094
0.10952
0.10964
0.10976
0.10988
0.11
0.11012
0.11024
0.11036
0.11048
0.1106
0.11072
0.11084
0.11096
0.11108
0.1112
0.11132
0.11144
0.11156
0.11168
0.1118
0.11192
0.11204
0.11216
0.11228
0.1124
0.11252
0.11264
0.11276
0.11288
0.113
0.11312
0.11324
0.11336
0.11348
0.1136
0.11372
0.11384
0.11396
0.11408
0.1142
0.11432
0.11444
0.11456
0.11468
0.1148
0.11492
0.11504
0.11516
0.11528
0.1154
0.11552
0.11564
0.11576
0.11588
0.116
0.11612
0.11624
0.11636
0.11648
0.1166
0.11672
0.11684
0.11696
0.11708
0.1172
0.11732
0.11744
0.11756
0.11768
0.1178
0.11792
0.11804
0.11816
0.11828
0.1184
0.11852
0.11864
0.11876
0.11888
0.119
0.11912
0.11924
0.11936
0.11948
0.1196
0.11972
0.11984
0.11996
0.12008
0.1202
0.12032
0.12044
0.12056
0.12068
0.1208
0.12092
0.12104
0.12116
0.12128
0.1214
0.12152
0.12164
0.12176
0.12188
0.122
0.12212
0.12224
0.12236
0.12248
0.1226
0.12272
0.12284
0.12296
0.12308
0.1232
0.12332
0.12344
0.12356
0.12368
0.1238
0.12392
0.12404
0.12416
0.12428
0.1244
0.12452
0.12464
0.12476
0.12488
0.125
0.12512
0.12524
0.12536
0.12548
0.1256
0.12572
0.12584
0.12596
0.12608
0.1262
0.12632
0.12644
0.12656
0.12668
0.1268
0.12692
0.12704
0.12716
0.12728
0.1274
0.12752
0.12764
0.12776
0.12788
0.128
0.12812
0.12824
0.12836
0.12848
0.1286
0.12872
0.12884
0.12896
0.12908
0.1292
0.12932
0.12944
0.12956
0.12968
0.1298
0.12992
0.13004
0.13016
0.13028
0.1304
0.13052
0.13064
0.13076
0.13088
0.131
0.13112
0.13124
0.13136
0.13148
0.1316
0.13172
0.13184
0.13196
0.13208
0.1322
0.13232
0.13244
0.13256
0.13268
0.1328
0.13292
0.13304
0.13316
0.13328
0.1334
0.13352
0.13364
0.13376
0.13388
0.134
0.13412
0.13424
0.13436
0.13448
0.1346
0.13472
0.13484
0.13496
0.13508
0.1352
0.13532
0.13544
0.13556
0.13568
0.1358
0.13592
0.13604
0.13616
0.13628
0.1364
0.13652
0.13664
0.13676
0.13688
0.137
0.13712
0.13724
0.13736
0.13748
0.1376
0.13772
0.13784
0.13796
0.13808
0.1382
0.13832
0.13844
0.13856
0.13868
0.1388
0.13892
0.13904
0.13916
0.13928
0.1394
0.13952
0.13964
0.13976
0.13988
0.14
0.14012
0.14024
0.14036
0.14048
0.1406
0.14072
0.14084
0.14096
0.14108
0.1412
0.14132
0.14144
0.14156
0.14168
0.1418
0.14192
0.14204
0.14216
0.14228
0.1424
0.14252
0.14264
0.14276
0.14288
0.143
0.14312
0.14324
0.14336
0.14348
0.1436
0.14372
0.14384
0.14396
0.14408
0.1442
0.14432
0.14444
0.14456
0.14468
0.1448
0.14492
0.14504
0.14516
0.14528
0.1454
0.14552
0.14564
0.14576
0.14588
0.146
0.14612
0.14624
0.14636
0.14648
0.1466
0.14672
0.14684
0.14696
0.14708
0.1472
0.14732
0.14744
0.14756
0.14768
0.1478
0.14792
0.14804
0.14816
0.14828
0.1484
0.14852
0.14864
0.14876
0.14888
0.149
0.14912
0.14924
0.14936
0.14948
0.1496
0.14972
0.14984
0.14996
0.15008
0.1502
0.15032
0.15044
0.15056
0.15068
0.1508
0.15092
0.15104
0.15116
0.15128
0.1514
0.15152
0.15164
0.15176
0.15188
0.152
0.15212
0.15224
0.15236
0.15248
0.1526
0.15272
0.15284
0.15296
0.15308
0.1532
0.15332
0.15344
0.15356
0.15368
0.1538
0.15392
0.15404
0.15416
0.15428
0.1544
0.15452
0.15464
0.15476
0.15488
0.155
0.15512
0.15524
0.15536
0.15548
0.1556
0.15572
0.15584
0.15596
0.15608
0.1562
0.15632
0.15644
0.15656
0.15668
0.1568
0.15692
0.15704
0.15716
0.15728
0.1574
0.15752
0.15764
0.15776
0.15788
0.158
0.15812
0.15824
0.15836
0.15848
0.1586
0.15872
0.15884
0.15896
0.15908
0.1592
0.15932
0.15944
0.15956
0.15968
0.1598
0.15992
0.16004
0.16016
0.16028
0.1604
0.16052
0.16064
0.16076
0.16088
0.161
0.16112
0.16124
0.16136
0.16148
0.1616
0.16172
0.16184
0.16196
0.16208
0.1622
0.16232
0.16244
0.16256
0.16268
0.1628
0.16292
0.16304
0.16316
0.16328
0.1634
0.16352
0.16364
0.16376
0.16388
0.164
0.16412
0.16424
0.16436
0.16448
0.1646
0.16472
0.16484
0.16496
0.16508
0.1652
0.16532
0.16544
0.16556
0.16568
0.1658
0.16592
0.16604
0.16616
0.16628
0.1664
0.16652
0.16664
0.16676
0.16688
0.167
0.16712
0.16724
0.16736
0.16748
0.1676
0.16772
0.16784
0.16796
0.16808
0.1682
0.16832
0.16844
0.16856
0.16868
0.1688
0.16892
0.16904
0.16916
0.16928
0.1694
0.16952
0.16964
0.16976
0.16988
0.17
0.17012
0.17024
0.17036
0.17048
0.1706
0.17072
0.17084
0.17096
0.17108
0.1712
0.17132
0.17144
0.17156
0.17168
0.1718
0.17192
0.17204
0.17216
0.17228
0.1724
0.17252
0.17264
0.17276
0.17288
0.173
0.17312
0.17324
0.17336
0.17348
0.1736
0.17372
0.17384
0.17396
0.17408
0.1742
0.17432
0.17444
0.17456
0.17468
0.1748
0.17492
0.17504
0.17516
0.17528
0.1754
0.17552
0.17564
0.17576
0.17588
0.176
0.17612
0.17624
0.17636
0.17648
0.1766
0.17672
0.17684
0.17696
0.17708
0.1772
0.17732
0.17744
0.17756
0.17768
0.1778
0.17792
0.17804
0.17816
0.17828
0.1784
0.17852
0.17864
0.17876
0.17888
0.179
0.17912
0.17924
0.17936
0.17948
0.1796
0.17972
0.17984
0.17996
0.18008
0.1802
0.18032
0.18044
0.18056
0.18068
0.1808
0.18092
0.18104
0.18116
0.18128
0.1814
0.18152
0.18164
0.18176
0.18188
0.182
0.18212
0.18224
0.18236
0.18248
0.1826
0.18272
0.18284
0.18296
0.18308
0.1832
0.18332
0.18344
0.18356
0.18368
0.1838
0.18392
0.18404
0.18416
0.18428
0.1844
0.18452
0.18464
0.18476
0.18488
0.185
0.18512
0.18524
0.18536
0.18548
0.1856
0.18572
0.18584
0.18596
0.18608
0.1862
0.18632
0.18644
0.18656
0.18668
0.1868
0.18692
0.18704
0.18716
0.18728
0.1874
0.18752
0.18764
0.18776
0.18788
0.188
0.18812
0.18824
0.18836
0.18848
0.1886
0.18872
0.18884
0.18896
0.18908
0.1892
0.18932
0.18944
0.18956
0.18968
0.1898
0.18992
0.19004
0.19016
0.19028
0.1904
0.19052
0.19064
0.19076
0.19088
0.191
0.19112
0.19124
0.19136
0.19148
0.1916
0.19172
0.19184
0.19196
0.19208
0.1922
0.19232
0.19244
0.19256
0.19268
0.1928
0.19292
0.19304
0.19316
0.19328
0.1934
0.19352
0.19364
0.19376
0.19388
0.194
0.19412
0.19424
0.19436
0.19448
0.1946
0.19472
0.19484
0.19496
0.19508
0.1952
0.19532
0.19544
0.19556
0.19568
0.1958
0.19592
0.19604
0.19616
0.19628
0.1964
0.19652
0.19664
0.19676
0.19688
0.197
0.19712
0.19724
0.19736
0.19748
0.1976
0.19772
0.19784
0.19796
0.19808
0.1982
0.19832
0.19844
0.19856
0.19868
0.1988
0.19892
0.19904
0.19916
0.19928
0.1994
0.19952
0.19964
0.19976
0.19988
0.2
0.20012
0.20024
0.20036
0.20048
0.2006
0.20072
0.20084
0.20096
0.20108
0.2012
0.20132
0.20144
0.20156
0.20168
0.2018
0.20192
0.20204
0.20216
0.20228
0.2024
0.20252
0.20264
0.20276
0.20288
0.203
0.20312
0.20324
0.20336
0.20348
0.2036
0.20372
0.20384
0.20396
0.20408
0.2042
0.20432
0.20444
0.20456
0.20468
0.2048
0.20492
0.20504
0.20516
0.20528
0.2054
0.20552
0.20564
0.20576
0.20588
0.206
0.20612
0.20624
0.20636
0.20648
0.2066
0.20672
0.20684
0.20696
0.20708
0.2072
0.20732
0.20744
0.20756
0.20768
0.2078
0.20792
0.20804
0.20816
0.20828
0.2084
0.20852
0.20864
0.20876
0.20888
0.209
0.20912
0.20924
0.20936
0.20948
0.2096
0.20972
0.20984
0.20996
0.21008
0.2102
0.21032
0.21044
0.21056
0.21068
0.2108
0.21092
0.21104
0.21116
0.21128
0.2114
0.21152
0.21164
0.21176
0.21188
0.212
0.21212
0.21224
0.21236
0.21248
0.2126
0.21272
0.21284
0.21296
0.21308
0.2132
0.21332
0.21344
0.21356
0.21368
0.2138
0.21392
0.21404
0.21416
0.21428
0.2144
0.21452
0.21464
0.21476
0.21488
0.215
0.21512
0.21524
0.21536
0.21548
0.2156
0.21572
0.21584
0.21596
0.21608
0.2162
0.21632
0.21644
0.21656
0.21668
0.2168
0.21692
0.21704
0.21716
0.21728
0.2174
0.21752
0.21764
0.21776
0.21788
0.218
0.21812
0.21824
0.21836
0.21848
0.2186
0.21872
0.21884
0.21896
0.21908
0.2192
0.21932
0.21944
0.21956
0.21968
0.2198
0.21992
0.22004
0.22016
0.22028
0.2204
0.22052
0.22064
0.22076
0.22088
0.221
0.22112
0.22124
0.22136
0.22148
0.2216
0.22172
0.22184
0.22196
0.22208
0.2222
0.22232
0.22244
0.22256
0.22268
0.2228
0.22292
0.22304
0.22316
0.22328
0.2234
0.22352
0.22364
0.22376
0.22388
0.224
0.22412
0.22424
0.22436
0.22448
0.2246
0.22472
0.22484
0.22496
0.22508
0.2252
0.22532
0.22544
0.22556
0.22568
0.2258
0.22592
0.22604
0.22616
0.22628
0.2264
0.22652
0.22664
0.22676
0.22688
0.227
0.22712
0.22724
0.22736
0.22748
0.2276
0.22772
0.22784
0.22796
0.22808
0.2282
0.22832
0.22844
0.22856
0.22868
0.2288
0.22892
0.22904
0.22916
0.22928
0.2294
0.22952
0.22964
0.22976
0.22988
0.23
0.23012
0.23024
0.23036
0.23048
0.2306
0.23072
0.23084
0.23096
0.23108
0.2312
0.23132
0.23144
0.23156
0.23168
0.2318
0.23192
0.23204
0.23216
0.23228
0.2324
0.23252
0.23264
0.23276
0.23288
0.233
0.23304
0.23308
0.23312
0.23316
0.2332
0.23324
0.23328
0.23332
0.23336
0.2334
0.23344
0.23348
0.23352
0.23356
0.2336
0.23364
0.23368
0.23372
0.23376
0.2338
0.23384
0.23388
0.23392
0.23396
0.234
0.23404
0.23408
0.23412
0.23416
0.2342
0.23424
0.23428
0.23432
0.23436
0.2344
0.23444
0.23448
0.23452
0.23456
0.2346
0.23464
0.23468
0.23472
0.23476
0.2348
0.23484
0.23488
0.23492
0.23496
0.235
0.23504
0.23508
0.23512
0.23516
0.2352
0.23524
0.23528
0.23532
0.23536
0.2354
0.23544
0.23548
0.23552
0.23556
0.2356
0.23564
0.23568
0.23572
0.23576
0.2358
0.23584
0.23588
0.23592
0.23596
0.236
0.23604
0.23608
0.23612
0.23616
0.2362
0.23624
0.23628
0.23632
0.23636
0.2364
0.23644
0.23648
0.23652
0.23656
0.2366
0.23664
0.23668
0.23672
0.23676
0.2368
0.23684
0.23688
0.23692
0.23696
0.237
0.23704
0.23708
0.23712
0.23716
0.2372
0.23724
0.23728
0.23732
0.23736
0.2374
0.23744
0.23748
0.23752
0.23756
0.2376
0.23764
0.23768
0.23772
0.23776
0.2378
0.23784
0.23788
0.23792
0.23796
0.238
0.23804
0.23808
0.23812
0.23816
0.2382
0.23824
0.23828
0.23832
0.23836
0.2384
0.23844
0.23848
0.23852
0.23856
0.2386
0.23864
0.23868
0.23872
0.23876
0.2388
0.23884
0.23888
0.23892
0.23896
0.239
0.23904
0.23908
0.23912
0.23916
0.2392
0.23924
0.23928
0.23932
0.23936
0.2394
0.23944
0.23948
0.23952
0.23956
0.2396
0.23964
0.23968
0.23972
0.23976
0.2398
0.23984
0.23988
0.23992
0.23996
0.24
0.24004
0.24008
0.24012
0.24016
0.2402
0.24024
0.24028
0.24032
0.24036
0.2404
0.24044
0.24048
0.24052
0.24056
0.2406
0.24064
0.24068
0.24072
0.24076
0.2408
0.24084
0.24088
0.24092
0.24096
0.241
0.24104
0.24108
0.24112
0.24116
0.2412
0.24124
0.24128
0.24132
0.24136
0.2414
0.24144
0.24148
0.24152
0.24156
0.2416
0.24164
0.24168
0.24172
0.24176
0.2418
0.24184
0.24188
0.24192
0.24196
0.242
0.24204
0.24208
0.24212
0.24216
0.2422
0.24224
0.24228
0.24232
0.24236
0.2424
0.24244
0.24248
0.24252
0.24256
0.2426
0.24264
0.242636293
0.242605181
0.242546693
0.242460876
0.242347794
0.242207534
0.242040196
0.241845904
0.241624797
0.241377033
0.241102789
0.240802261
0.24047566
0.240123217
0.239745181
0.239341818
0.238913411
0.238460261
0.237982685
0.237481016
0.236955607
0.236406823
0.235835048
0.23524068
0.234624134
0.233985838
0.233326239
0.232645793
0.231944975
0.231224271
0.230484183
0.229725224
0.228947922
0.228152816
0.227340457
0.22651141
0.225666249
0.224805561
0.223929943
0.22304
0.22213635
0.22121962
0.220290444
0.219349466
0.218397337
0.217434718
0.216462274
0.21548068
0.214490614
0.213492762
0.212487815
0.211476468
0.210459421
0.209437379
0.208411048
0.207381139
0.206348364
0.205313438
0.204277078
0.20324
0.202202922
0.201166562
0.200131636
0.199098861
0.198068952
0.197042621
0.196020579
0.195003532
0.193992185
0.192987238
0.191989386
0.19099932
0.190017726
0.189045282
0.188082663
0.187130534
0.186189556
0.18526038
0.18434365
0.18344
0.182550057
0.181674439
0.180813751
0.17996859
0.179139543
0.178327184
0.177532078
0.176754776
0.175995817
0.175255729
0.174535025
0.173834207
0.173153761
0.172494162
0.171855866
0.17123932
0.170644952
0.170073177
0.169524393
0.168998984
0.168497315
0.168019739
0.167566589
0.167138182
0.166734819
0.166356783
0.16600434
0.165677739
0.165377211
0.165102967
0.164855203
0.164634096
0.164439804
0.164272466
0.164132206
0.164019124
0.163933307
0.163874819
0.163843707
0.16384
0.16385
0.16386
0.16387
0.16388
0.16389
0.1639
0.16391
0.16392
0.16393
0.16394
0.16395
0.16396
0.16397
0.16398
0.16399
0.164
0.16401
0.16402
0.16403
0.16404
0.16405
0.16406
0.16407
0.16408
0.16409
0.1641
0.16411
0.16412
0.16413
0.16414
0.16415
0.16416
0.16417
0.16418
0.16419
0.1642
0.16421
0.16422
0.16423
0.16424
0.16425
0.16426
0.16427
0.16428
0.16429
0.1643
0.16431
0.16432
0.16433
0.16434
0.16435
0.16436
0.16437
0.16438
0.16439
0.1644
0.16441
0.16442
0.16443
0.16444
0.16445
0.16446
0.16447
0.16448
0.16449
0.1645
0.16451
0.16452
0.16453
0.16454
0.16455
0.16456
0.16457
0.16458
0.16459
0.1646
0.16461
0.16462
0.16463
0.16464
0.16465
0.16466
0.16467
0.16468
0.16469
0.1647
0.16471
0.16472
0.16473
0.16474
0.16475
0.16476
0.16477
0.16478
0.16479
0.1648
0.16481
0.16482
0.16483
0.16484
0.16485
0.16486
0.16487
0.16488
0.16489
0.1649
0.16491
0.16492
0.16493
0.16494
0.16495
0.16496
0.16497
0.16498
0.16499
0.165
0.16501
0.16502
0.16503
0.16504
0.16505
0.16506
0.16507
0.16508
0.16509
0.1651
0.16511
0.16512
0.16513
0.16514
0.16515
0.16516
0.16517
0.16518
0.16519
0.1652
0.16521
0.16522
0.16523
0.16524
0.16525
0.16526
0.16527
0.16528
0.16529
0.1653
0.16531
0.16532
0.16533
0.16534
0.16535
0.16536
0.16537
0.16538
0.16539
0.1654
0.16541
0.16542
0.16543
0.16544
0.16545
0.16546
0.16547
0.16548
0.16549
0.1655
0.16551
0.16552
0.16553
0.16554
0.16555
0.16556
0.16557
0.16558
0.16559
0.1656
0.16561
0.16562
0.16563
0.16564
0.16565
0.16566
0.16567
0.16568
0.16569
0.1657
0.16571
0.16572
0.16573
0.16574
0.16575
0.16576
0.16577
0.16578
0.16579
0.1658
0.16581
0.16582
0.16583
0.16584
0.16585
0.16586
0.16587
0.16588
0.16589
0.1659
0.16591
0.16592
0.16593
0.16594
0.16595
0.16596
0.16597
0.16598
0.16599
0.166
0.16601
0.16602
0.16603
0.16604
0.16605
0.16606
0.16607
0.16608
0.16609
0.1661
0.16611
0.16612
0.16613
0.16614
0.16615
0.16616
0.16617
0.16618
0.16619
0.1662
0.16621
0.16622
0.16623
0.16624
0.16625
0.16626
0.16627
0.16628
0.16629
0.1663
0.16631
0.16632
0.16633
0.16634
0.16635
0.16636
0.16637
0.16638
0.16639
0.1664
0.16641
0.16642
0.16643
0.16644
0.16645
0.16646
0.16647
0.16648
0.16649
0.1665
0.16651
0.16652
0.16653
0.16654
0.16655
0.16656
0.16657
0.16658
0.16659
0.1666
0.16661
0.16662
0.16663
0.16664
0.16665
0.16666
0.16667
0.16668
0.16669
0.1667
0.16671
0.16672
0.16673
0.16674
0.16675
0.16676
0.16677
0.16678
0.16679
0.1668
0.16681
0.16682
0.16683
0.16684
0.16685
0.16686
0.16687
0.16688
0.16689
0.1669
0.16691
0.16692
0.16693
0.16694
0.16695
0.16696
0.16697
0.16698
0.16699
0.167
0.16701
0.16702
0.16703
0.16704
0.16705
0.16706
0.16707
0.16708
0.16709
0.1671
0.16711
0.16712
0.16713
0.16714
0.16715
0.16716
0.16717
0.16718
0.16719
0.1672
0.16721
0.16722
0.16723
0.16724
0.16725
0.16726
0.16727
0.16728
0.16729
0.1673
0.16731
0.16732
0.16733
0.16734
0.16735
0.16736
0.16737
0.16738
0.16739
0.1674
0.16741
0.16742
0.16743
0.16744
0.16745
0.16746
0.16747
0.16748
0.16749
0.1675
0.16751
0.16752
0.16753
0.16754
0.16755
0.16756
0.16757
0.16758
0.16759
0.1676
0.16761
0.16762
0.16763
0.16764
0.16765
0.16766
0.16767
0.16768
0.16769
0.1677
0.16771
0.16772
0.16773
0.16774
0.16775
0.16776
0.16777
0.16778
0.16779
0.1678
0.16781
0.16782
0.16783
0.16784
0.16785
0.16786
0.16787
0.16788
0.16789
0.1679
0.16791
0.16792
0.16793
0.16794
0.16795
0.16796
0.16797
0.16798
0.16799
0.168
0.16801
0.16802
0.16803
0.168053708
0.168104828
0.168183354
0.168289274
0.168422572
0.168583227
0.168771212
0.168986497
0.169229047
0.169498822
0.169795778
0.170119866
0.170471031
0.170849215
0.171254355
0.171686384
0.172145229
0.172630813
0.173143054
0.173681868
0.174247162
0.174838842
0.175456809
0.176100957
0.176771179
0.177467361
0.178189386
0.178937132
0.179710472
0.180509275
0.181333406
0.182182727
0.183057092
0.183956355
0.184880361
0.185828956
0.186801978
0.187799262
0.188820639
0.189865935
0.190934974
0.192027574
0.193143549
0.194282709
0.195444862
0.19662981
0.197837351
0.199067281
0.20031939
0.201593466
0.202889291
0.204206646
0.205545307
0.206905046
0.208285631
0.209686828
0.211108398
0.212550101
0.214011689
0.215492915
0.216993526
0.218513268
0.220051881
0.221609103
0.22318467
0.224778312
0.22638976
0.228018737
0.229664968
0.231328171
0.233008064
0.23470436
0.23641677
0.238145002
0.239888763
0.241647754
0.243421677
0.24521023
0.247013106
0.24883
0.250660601
0.252504598
0.254361677
0.25623152
0.25811381
0.260008225
0.261914442
0.263832137
0.265760983
0.267700651
0.26894
0.271611128
0.271621128
0.271631128
0.271641128
0.271651128
0.271661128
0.271671128
0.271681128
0.271691128
0.271701128
0.271711128
0.23166
0.23167
0.23168
0.23169
0.2317
0.23171
0.23172
0.23173
0.23174
0.23175
0.23176
0.23177
0.23178
0.23179
0.2318
0.23181
0.23182
0.23183
0.23184
0.23185
0.23186
0.23187
0.23188
0.23189
0.2319
0.23191
0.23192
0.23193
0.23194
0.23195
0.23196
0.23197
0.23198
0.23199
0.232
0.23201
0.23202
0.23203
0.23204
0.23205
0.23206
0.23207
0.23208
0.23209
0.2321
0.23211
0.23212
0.23213
0.23214
0.23215
0.23216
0.23217
0.23218
0.23219
0.2322
0.23221
0.23222
0.23223
0.23224
0.23225
0.23226
0.23227
0.23228
0.23229
0.2323
0.23231
0.23232
0.23233
0.23234
0.23235
0.23236
0.23237
0.23238
0.23239
0.2324
0.23241
0.23242
0.23243
0.23244
0.23245
0.23246
0.23247
0.23248
0.23249
0.2325
0.23251
0.23252
0.23253
0.23254
0.23255
0.23256
0.23257
0.23258
0.23259
0.2326
0.23261
0.23262
0.23263
0.23264
0.23265
0.23266
0.23267
0.23268
0.23269
0.2327
0.23271
0.23272
0.23273
0.23274
0.23275
0.23276
0.23277
0.23278
0.23279
0.2328
0.23281
0.23282
0.23283
0.23284
0.23285
0.23286
0.23287
0.23288
0.23289
0.2329
0.23291
0.23292
0.23293
0.23294
0.23295
0.23296
0.23297
0.23298
0.23299
0.233
0.23301
0.23302
0.23303
0.23304
0.23305
0.23306
0.23307
0.23308
0.23309
0.2331
0.23311
0.23312
0.23313
0.23314
0.23315
0.23316
0.23317
0.23318
0.23319
0.2332
0.23321
0.23322
0.23323
0.23324
0.23325
0.23326
0.23327
0.23328
0.23329
0.2333
0.23331
0.23332
0.23333
0.23334
0.23335
0.23336
0.23337
0.23338
0.23339
0.2334
0.23341
0.23342
0.23343
0.23344
0.23345
0.23346
0.23347
0.23348
0.23349
0.2335
0.23351
0.23352
0.23353
0.23354
0.23355
0.23356
0.23357
0.23358
0.23359
0.2336
0.23361
0.23362
0.23363
0.23364
0.23365
0.23366
0.23367
0.23368
0.23369
0.2337
0.23371
0.23372
0.23373
0.23374
0.23375
0.23376
0.23377
0.23378
0.23379
0.2338
0.23381
0.23382
0.23383
0.23384
0.23385
0.23386
0.23387
0.23388
0.23389
0.2339
0.23391
0.23392
0.23393
0.23394
0.23395
0.23396
0.23397
0.23398
0.23399
0.234
0.23401
0.23402
0.23403
0.23404
0.23405
0.23406
0.23407
0.23408
0.23409
0.2341
0.23411
0.23412
0.23413
0.23414
0.23415
0.23416
0.23417
0.23418
0.23419
0.2342
0.23421
0.23422
0.23423
0.23424
0.23425
0.23426
0.23427
0.23428
0.23429
0.2343
0.23431
0.23432
0.23433
0.23434
0.23435
0.23436
0.23437
0.23438
0.23439
0.2344
0.23441
0.23442
0.23443
0.23444
0.23445
0.23446
0.23447
0.23448
0.23449
0.2345
0.23451
0.23452
0.23453
0.23454
0.23455
0.23456
0.23457
0.23458
0.23459
0.2346
0.23461
0.23462
0.23463
0.23464
0.23465
0.23466
0.23467
0.23468
0.23469
0.2347
0.23471
0.23472
0.23473
0.23474
0.23475
0.23476
0.23477
0.23478
0.23479
0.2348
0.23481
0.23482
0.23483
0.23484
0.23485
0.23486
0.23487
0.23488
0.23489
0.2349
0.23491
0.23492
0.23493
0.23494
0.23495
0.23496
0.23497
0.23498
0.23499
0.235
0.23501
0.23502
0.23503
0.23504
0.23505
0.23506
0.23507
0.23508
0.23509
0.2351
0.23511
0.23512
0.23513
0.23514
0.23515
0.23516
0.23517
0.23518
0.23519
0.2352
0.23521
0.23522
0.23523
0.23524
0.23525
0.23526
0.23527
0.23528
0.23529
0.2353
0.23531
0.23532
0.23533
0.23534
0.23535
0.23536
0.23537
0.23538
0.23539
0.2354
0.23541
0.23542
0.23543
0.23544
0.23545
0.23546
0.23547
0.23548
0.23549