   1.0000000e+01   4.0995961e-03   4.2201724e-03
   1.1031229e+01   4.5224794e-03   4.5889864e-03
   1.2168802e+01   4.8422597e-03   5.0623624e-03
   1.3423685e+01   5.3415345e-03   5.5033992e-03
   1.4807975e+01   5.8923310e-03   6.0708865e-03
   1.6335017e+01   6.5983849e-03   6.6968682e-03
   1.8019532e+01   6.8441065e-03   7.2786529e-03
   1.9877759e+01   7.7900288e-03   7.7900288e-03
   2.1927612e+01   8.3289265e-03   8.8577472e-03
   2.4188852e+01   9.0418550e-03   9.7710369e-03
   2.6683278e+01   1.0135135e-02   1.0617761e-02
   2.9434936e+01   1.1180124e-02   1.1357587e-02
   3.2470353e+01   1.1942052e-02   1.2529366e-02
   3.5818792e+01   1.3606911e-02   1.3822894e-02
   3.9512531e+01   1.4653324e-02   1.4891589e-02
   4.3587179e+01   1.5768725e-02   1.6031537e-02
   4.8082017e+01   1.7106408e-02   1.7686286e-02
   5.3040377e+01   1.9187720e-02   1.9187720e-02
   5.8510056e+01   2.0818631e-02   2.1171489e-02
   6.4543786e+01   2.2771506e-02   2.2382250e-02
   7.1199731e+01   2.4688708e-02   2.4903392e-02
   7.8542057e+01   2.7475130e-02   2.7317227e-02
   8.6641545e+01   2.9780564e-02   3.0303030e-02
   9.5576276e+01   3.2564841e-02   3.2564841e-02
   1.0543238e+02   3.5600763e-02   3.4965035e-02
   1.1630488e+02   3.9270687e-02   3.7868163e-02
   1.2829858e+02   4.2182663e-02   4.1989164e-02
   1.4152911e+02   4.6285226e-02   4.5772844e-02
   1.5612401e+02   4.8964218e-02   4.9591965e-02
   1.7222398e+02   5.3997923e-02   5.1921080e-02
   1.8998422e+02   5.7273769e-02   5.8419244e-02
   2.0957595e+02   6.3527181e-02   6.5107459e-02
   2.3118804e+02   6.7294282e-02   6.8688982e-02
   2.5502883e+02   7.4230769e-02   7.5769231e-02
   2.8132816e+02   8.0079230e-02   8.0928127e-02
   3.1033954e+02   8.5018727e-02   8.7265918e-02
   3.4234267e+02   9.3663912e-02   9.4352617e-02
   3.7764605e+02   9.7190585e-02   1.0478360e-01
   4.1659003e+02   1.0971524e-01   1.1474037e-01
   4.5955002e+02   1.1944444e-01   1.2203704e-01
   5.0694017e+02   1.3226300e-01   1.3226300e-01
   5.5921733e+02   1.4132883e-01   1.4386261e-01
   6.1688547e+02   1.4925373e-01   1.5357423e-01
   6.8050051e+02   1.6097797e-01   1.6969257e-01
   7.5067573e+02   1.7272727e-01   1.8000000e-01
   8.2808762e+02   1.9000000e-01   2.0555556e-01
   9.1348246e+02   1.9950890e-01   2.0810313e-01
   1.0076835e+03   2.1689895e-01   2.2909408e-01
   1.1115987e+03   2.2967934e-01   2.4757644e-01
   1.2262301e+03   2.4848485e-01   2.4983165e-01
   1.3526825e+03   2.7360090e-01   2.6766535e-01
   1.4921751e+03   2.7927928e-01   2.9166667e-01
   1.6460526e+03   3.1465116e-01   3.1906977e-01
   1.8157984e+03   3.3966034e-01   3.3466533e-01
   2.0030489e+03   3.6901536e-01   3.5252936e-01
   2.2096092e+03   4.0000000e-01   3.8666667e-01
   2.4374706e+03   4.2647059e-01   4.1176471e-01
   2.6888297e+03   4.3469064e-01   4.1433104e-01
   2.9661098e+03   4.6699605e-01   4.3221344e-01
   3.2719838e+03   4.8184211e-01   4.4736842e-01
   3.6094004e+03   5.1323671e-01   4.7536232e-01
   3.9816124e+03   5.3325942e-01   4.9584257e-01
   4.3922079e+03   5.6081081e-01   5.2533784e-01
   4.8451454e+03   5.8281734e-01   5.5572755e-01
   5.3447910e+03   5.7603687e-01   5.4838710e-01
   5.8959616e+03   5.7275132e-01   5.8068783e-01
   6.5039705e+03   5.9600000e-01   6.3636364e-01
   7.1746791e+03   6.3868066e-01   6.5217391e-01
   7.9145531e+03   6.3280632e-01   6.6383399e-01
   8.7307251e+03   6.4146621e-01   6.8403971e-01
   9.6310632e+03   6.2091503e-01   6.7483660e-01
   1.0624247e+04   6.7250384e-01   7.1059908e-01
   1.1719850e+04   5.9523810e-01   7.1428571e-01
   1.2928436e+04   6.9599628e-01   7.5628492e-01
   1.4261654e+04   6.9939394e-01   8.0545455e-01
   1.5732358e+04   7.0000000e-01   8.1087719e-01
   1.7354725e+04   7.4613003e-01   7.7777778e-01
   1.9144395e+04   7.2670991e-01   8.5524764e-01
   2.1118622e+04   7.4228761e-01   8.2534409e-01
   2.3296436e+04   7.4012158e-01   8.5714286e-01
   2.5698833e+04   7.7478632e-01   8.3504274e-01
   2.8348973e+04   7.7416149e-01   8.8645963e-01
   3.1272402e+04   8.0000000e-01   9.1735016e-01
   3.4497305e+04   8.3225806e-01   9.0241935e-01
   3.8054768e+04   9.1557018e-01   9.9561404e-01
   4.1979088e+04   8.5135135e-01   9.6446446e-01
   4.6308095e+04   8.3277716e-01   1.0000000e+00
   5.1083522e+04   8.7490103e-01   1.0000000e+00
   5.6351405e+04   9.6756909e-01   1.0000000e+00
   6.2162528e+04   1.0000000e+00   1.0000000e+00
   6.8572911e+04   1.0000000e+00   1.0000000e+00
   7.5644351e+04   1.0000000e+00   1.0000000e+00
   8.3445020e+04   1.0000000e+00   1.0000000e+00
   9.2050116e+04   1.0000000e+00   1.0000000e+00
   1.0154259e+05   1.0000000e+00   1.0000000e+00
   1.1201397e+05   1.0000000e+00   1.0000000e+00
   1.2356518e+05   1.0000000e+00   1.0000000e+00
   1.3630758e+05   1.0000000e+00   1.0000000e+00
   1.5036402e+05   1.0000000e+00   1.0000000e+00
   1.6587000e+05   1.0000000e+00   1.0000000e+00
