4.340277777777670878e-05
4.612201644155244137e-05
4.888335152238250435e-05
5.177755530963031277e-05
5.483366244565564403e-05
5.807979718250906186e-05
6.152026644611588338e-05
6.515100819501922120e-05
6.902560409700468939e-05
7.306861977106517006e-05
7.732872630074209884e-05
8.183111210977873212e-05
8.655113300924767775e-05
9.150058011893513657e-05
9.668244672539551981e-05
1.020672097673212131e-04
1.076618299707193468e-04
1.134778692288299708e-04
1.194815039871579865e-04
1.256641255617563810e-04
1.320329192706127554e-04
1.386509371622843625e-04
1.453875771793713230e-04
1.523127832407292876e-04
1.594963639198659141e-04
1.668070921083177624e-04
1.743172234041249298e-04
1.820128406941122576e-04
1.898682924506410073e-04
1.978740538247995536e-04
2.060714990834420265e-04
2.144264044459915730e-04
2.228787203987597461e-04
2.314582341014045268e-04
2.402123190789290873e-04
2.490930093372717685e-04
2.580632316415526722e-04
2.671103446179510740e-04
2.762497088413954152e-04
2.854861162870943173e-04
2.947338765792888496e-04
3.040473911723509648e-04
3.134704922275807900e-04
3.229881753504732552e-04
3.325145868508516678e-04
3.420229005624768445e-04
3.515077984043682067e-04
3.610327160429077555e-04
3.705682642633218848e-04
3.800819618812405058e-04
3.895549221829436868e-04
3.990097298947933423e-04
4.085251368536164615e-04
4.179202337027080748e-04
4.273228938483110678e-04
4.366298939674658191e-04
4.458637198308598054e-04
4.550320241952822420e-04
4.641666056865771336e-04
4.732055994183399761e-04
4.822285610753446238e-04
4.911333918717386603e-04
4.999403135652391366e-04
5.086863198131400020e-04
5.173113857676665166e-04
5.258063087683555832e-04
5.341945142349159223e-04
5.425511827085522298e-04
5.507535257828578617e-04
5.588522861883384171e-04
5.668647425397637654e-04
5.747242757605199774e-04
5.824600284066818769e-04
5.901285783357694504e-04
5.976721396086935763e-04
6.050484133298117406e-04
6.122887464914644577e-04
6.194576071621114019e-04
6.265274146375501927e-04
6.333977120633865060e-04
6.401651542776187233e-04
6.468133955124599028e-04
6.532848728045758616e-04
6.596599958911043317e-04
6.659793834080347330e-04
6.720790071530665646e-04
6.780647817641854286e-04
6.838594526193462857e-04
6.895967464764098760e-04
6.952128877533625319e-04
7.006749005929039428e-04
7.060099059313216683e-04
7.111877015052436033e-04
7.163067595874530449e-04
7.212539595501834926e-04
7.260721621758698709e-04
7.307766235085140635e-04
7.353176071876669877e-04
7.397498999498171909e-04
7.440618286635675236e-04
7.482356307762272384e-04
7.523619892452925633e-04
7.563813234838386544e-04
7.602437010181174347e-04
7.640715836921355966e-04
7.677583569068944505e-04
7.713005816460996025e-04
7.748568524459114757e-04
7.781811544062333186e-04
7.814414248513998438e-04
7.846037786649961250e-04
7.876065413256727035e-04
7.905256765901968845e-04
7.933926097093596834e-04
7.961780955726015154e-04
7.988486135901181739e-04
8.014450240533431066e-04
8.039448775842675298e-04
8.063641112575938019e-04
8.087705993313893098e-04
8.110106169118434707e-04
8.131695448494494997e-04
8.153474949079699777e-04
8.174301862774698609e-04
8.193205965805951552e-04
8.212587908573254318e-04
8.230809072017809423e-04
8.247965618083609365e-04
8.265148926634240632e-04
8.282459765348000949e-04
8.298130953386966728e-04
8.313417588330022749e-04
8.328448668544722201e-04
8.342445839078770639e-04
8.355893965055894010e-04
8.369081064154786738e-04
8.381511722159843986e-04
8.393448707328836963e-04
8.404911414206303740e-04
8.416234060005926311e-04
8.427583904784893701e-04
8.437847937068899094e-04
8.447688230862432325e-04
8.457494270234498270e-04
8.466618612118122222e-04
8.475364842084821999e-04
8.483744224870049542e-04
8.491772597585159170e-04
8.499972744552267883e-04
8.507934443810366044e-04
8.515591844092715952e-04
8.522515686255020947e-04
8.529130091626613633e-04
8.535758221768358078e-04
8.542593313886028732e-04
8.549207965504310907e-04
8.555258093570013329e-04
8.560644396553759297e-04
8.565781304648135237e-04
8.570681527784723827e-04
8.575346222013609286e-04
8.580128664211039268e-04
8.584500676852001863e-04
8.588667776366584218e-04
8.592640086638639969e-04
8.596427201091366883e-04
8.601048421606051313e-04
8.604487410373437778e-04
8.608062411135392750e-04
8.611213920536940451e-04
8.614215338564098351e-04
8.617425563699311142e-04
8.620187009045946576e-04
8.622816230142380791e-04
8.625319865424000039e-04
8.627704157204526452e-04
8.629975009289811341e-04
8.632138028629870747e-04
8.634373735381128696e-04
8.636391461300562192e-04
8.638311902787868847e-04
8.640138206807216866e-04
8.642117148490149805e-04
8.643800830608669829e-04
8.645399763849143234e-04
8.646918490233566163e-04
8.648361525724992428e-04
8.649733201794664907e-04
8.651037587074270584e-04
8.652278502508597242e-04
8.653459535682918227e-04
8.654585899627931841e-04
8.655659758899358078e-04
8.656683048067053679e-04
8.657658559704443750e-04
8.658588914736210004e-04
8.659476573087814552e-04
8.660323843768857671e-04
8.661132894396859298e-04
8.661905760170884915e-04
8.662644352311973809e-04
8.663350465987598769e-04
8.664025787743600930e-04
8.665260258680476712e-04
8.665900362247064845e-04
8.666509642959902308e-04
8.667424157933657650e-04
8.668003855930614225e-04
8.668554328893369326e-04
8.669076515340891440e-04
8.669571886918954560e-04
8.670041883870178946e-04
8.670487902830777312e-04
8.670911282055615739e-04
8.671313291070409249e-04
8.671695127710089129e-04
8.672057921129390588e-04
8.672403250493078072e-04
8.672731737459883020e-04
8.673044232846571647e-04
8.673341633130928537e-04
8.673624788325733038e-04
8.673894932536836515e-04
8.674152832221277863e-04
8.674400130113924488e-04
8.674637054014838191e-04
8.674863051999766143e-04
8.675078736487865615e-04
8.675284682619890855e-04
8.675481430426598521e-04
8.675669486991296250e-04
8.675849328534340592e-04
8.676021402368615980e-04
8.676186128700010729e-04
8.676343902269395688e-04
8.676495093849503036e-04
8.676640051619912558e-04
8.676779102449039402e-04
8.676912553107784566e-04
8.677040691435500015e-04
8.677163787470322564e-04
8.677635263846324078e-04
8.677731641695771983e-04
8.677824334250613513e-04
8.677913431296668508e-04
8.677999035737846319e-04
8.677585816617044197e-04
8.677643554253245154e-04
8.677702757430064660e-04
8.677763068620444626e-04
8.677824172879176467e-04
8.678193747856215168e-04
8.678269674132669349e-04
8.678343258280015685e-04
8.678414448617626084e-04
8.678483213001294628e-04
8.678549540123939744e-04
8.678613439732764476e-04
8.678674941291279451e-04
8.678734091403157193e-04
8.678790950582076190e-04
8.678845589899612800e-04
8.678898087880061295e-04
8.678948527844184075e-04
8.678996995776176162e-04
8.679043578702941254e-04
8.679088363520040626e-04
8.679131436173688615e-04
8.679172881098025675e-04
8.679212780818018483e-04
8.679251215643437375e-04
8.679288263406173673e-04
8.679323999212256628e-04
8.679358495204047771e-04
8.679391820339200274e-04
8.679424040199947791e-04
8.679455216850117706e-04
8.679485408749923686e-04
8.679514670736437031e-04
8.679543054066955841e-04
8.679570606519178798e-04
8.679597372535394293e-04
8.679623393397484753e-04
8.679648707417968482e-04
8.679673350134149918e-04
8.679697354495854653e-04
8.679720751039032975e-04
8.679743568042486710e-04
8.679765831665479416e-04
8.679787566068845016e-04
8.679808793520551145e-04
8.679829534490444325e-04
8.679849807736492824e-04
8.679869630386303483e-04
8.679889018016679388e-04
8.679907984732908657e-04
8.679926543249008412e-04
8.679944704970665162e-04
8.679962522238487965e-04
8.679980016887775150e-04
8.679997133458502122e-04
8.680013879512171304e-04
8.680030261716683519e-04
8.680046285937979096e-04
8.680061957330904854e-04
8.680077280428266130e-04
8.680092259227882795e-04
8.680106897276430606e-04
8.680121197750081995e-04
8.680135163531186270e-04
8.680148797280532770e-04
8.680162122876368966e-04
8.680175159428891139e-04
8.680187866987729888e-04
8.680200248158911501e-04
8.680212305604076417e-04
8.680224042080958999e-04
8.680235460478428946e-04
8.680246563845295292e-04
8.680257355414317151e-04
8.680267838620354341e-04
8.680278017113809324e-04
8.680287894768885576e-04
8.680297475687879941e-04
8.680306764200925677e-04
8.680315764862127272e-04
8.680324482442865501e-04
8.680332921921700244e-04
8.680341088471836032e-04
8.680348987446940678e-04
8.680356624365038369e-04
8.680364004890998722e-04
8.680371134818401328e-04
8.680378020050398503e-04
8.680384666580721149e-04
8.680391080474472113e-04
8.680397267848810041e-04
8.680403234854520110e-04
8.680408987658056385e-04
8.680414532424041716e-04
8.680419875298901701e-04
8.680425022395582861e-04
8.680429979778874709e-04
8.680434753452117430e-04
8.680439349345129294e-04
8.680443773303043705e-04
8.680448031076390923e-04
8.680452128312023292e-04
8.680456070545709054e-04
8.680459863195387525e-04
8.680463511555255862e-04
8.680467020791334670e-04
8.680470395937575721e-04
8.680473641892963877e-04
8.680476763419206661e-04
8.680479765139555723e-04
8.680482651538004536e-04
8.680485426959173465e-04
8.680488095608534203e-04
8.680490661553839828e-04
8.680493128725908685e-04
8.680495500920858924e-04
8.680497781802057897e-04
8.680499974902379469e-04
8.680502083627227852e-04
8.680504111256879488e-04
8.680506060950245227e-04
8.680507935747201363e-04
8.680509738572586001e-04
8.680511472239192542e-04
8.680513139451322613e-04
8.680514742808065776e-04
8.680516284807117009e-04
8.680517767847733320e-04
8.680519194234581582e-04
8.680520566180893564e-04
8.680521885811921280e-04
8.680523155168036725e-04
8.680524376208249024e-04
8.680525550813001680e-04
8.680526680787459867e-04
8.680527767864375981e-04
8.680528813707141670e-04
8.680529819912203432e-04
8.680530788012052849e-04
8.680531719478030333e-04
8.680532615722320053e-04
8.680533478100780796e-04
8.680534307915106773e-04
8.680535106415162997e-04
8.680535874800931421e-04
8.680536614225043638e-04
8.680537325794207689e-04
8.680538010571475132e-04
8.680538669577752414e-04
8.680539303794149262e-04
8.680539914162825436e-04
8.680540501589284908e-04
8.680541066943511016e-04
8.680541611061558076e-04
