4.340277777777670878e-05
4.469181525977566617e-05
4.599188155759800523e-05
4.735240149178909802e-05
4.879816693038079625e-05
5.032923129794919650e-05
5.195321098964898564e-05
5.367345843568624197e-05
5.548415258890590615e-05
5.739950099231669388e-05
5.942287872337231999e-05
6.154890584162179233e-05
6.381666942596057391e-05
6.616110570911068716e-05
6.860993894169812105e-05
7.115821965245583641e-05
7.379975459358079288e-05
7.654024215127653804e-05
7.937590104016640689e-05
8.229744339791736948e-05
8.531275310004478145e-05
8.841866372947275639e-05
9.162729801563743160e-05
9.490398742789188922e-05
9.826694769937411970e-05
1.017356133556161215e-04
1.052716659434771500e-04
1.089077862476991418e-04
1.126403281330042266e-04
1.164404118675173218e-04
1.202864318510873948e-04
1.242125299504846011e-04
1.282300020227280244e-04
1.323399780405494356e-04
1.364826284440390756e-04
1.406739715262850796e-04
1.448945051516678224e-04
1.491833501930900732e-04
1.535132761213746312e-04
1.578798616928702261e-04
1.622968613433345539e-04
1.667214172286136562e-04
1.712043343876433845e-04
1.757051424742518372e-04
1.801955994063837859e-04
1.846966994920236653e-04
1.892364076735839800e-04
1.937612325768542636e-04
1.982786060961711102e-04
2.027840969792799551e-04
2.073065939148573003e-04
2.117798363887785681e-04
2.162655440995396648e-04
2.207208608422112767e-04
2.251736015370975385e-04
2.296367758119526525e-04
2.340585652131742115e-04
2.384157644194657283e-04
2.427449490419563555e-04
2.470217586611343948e-04
2.512821891038176988e-04
2.554873903378965423e-04
2.596639316169028003e-04
2.637972169288119585e-04
2.678873370488469132e-04
2.719075668233202655e-04
2.759121419086960135e-04
2.798360971378634492e-04
2.837689278070823539e-04
2.876416108068339779e-04
2.914150621018743166e-04
2.951193977904763852e-04
2.988044684513863048e-04
3.024289800606214562e-04
3.059754536000603960e-04
3.094699898591965503e-04
3.129216889831483873e-04
3.163023849049539601e-04
3.196407645467145620e-04
3.229342590391891688e-04
3.261168637257664659e-04
3.292566426426952369e-04
3.323642957775017523e-04
3.353884815234796130e-04
3.383353018705959493e-04
3.412146297745703325e-04
3.440115261938629741e-04
3.467744136930338739e-04
3.494656636345937597e-04
3.521035520903272173e-04
3.546662871817578755e-04
3.571989044446239356e-04
3.596520869153652230e-04
3.620436803394064913e-04
3.643643210619565854e-04
3.666241538346535307e-04
3.688319866531794252e-04
3.709855379606330169e-04
3.730866984494930782e-04
3.751646492594642676e-04
3.771622495395890841e-04
3.791075148317980164e-04
3.809973570262372941e-04
3.828741500301118764e-04
3.846714052325140524e-04
3.864197529242060429e-04
3.881029111287445871e-04
3.897671411461150429e-04
3.914188390900233600e-04
3.929598551556075844e-04
3.944424131235161387e-04
3.959040167632895779e-04
3.973060897716721319e-04
3.986631420832369415e-04
3.999918532293268584e-04
4.012623283954765510e-04
4.024794174388472354e-04
4.037405836472149020e-04
4.049192181362394898e-04
4.060234909883579744e-04
4.071285396563376112e-04
4.081577993323484959e-04
4.091825790767186105e-04
4.101446971893649780e-04
4.110802957156218314e-04
4.119716138276298010e-04
4.128514892677633431e-04
4.136791903734599648e-04
4.144749044681362540e-04
4.152654137482176015e-04
4.160136892807540180e-04
4.167242844187942245e-04
4.174070491780303106e-04
4.180800415073802510e-04
4.187131887234210874e-04
4.193401987835691748e-04
4.199389124626186093e-04
4.205019562228822253e-04
4.210424048047117221e-04
4.215885654874410287e-04
4.220895355281557870e-04
4.225700445608976028e-04
4.230704755504180545e-04
4.235114417715083227e-04
4.239470690185174486e-04
4.243550882745512551e-04
4.247465598865197305e-04
4.251351711345716165e-04
4.255325950212454958e-04
4.258830695905855743e-04
4.262185220736107059e-04
4.265396206783140056e-04
4.268625163956947261e-04
4.271578404117998880e-04
4.274719594705167773e-04
4.277502755256095053e-04
4.280161906471322800e-04
4.282702847256520903e-04
4.285131155324525235e-04
4.287553332614622197e-04
4.289784097238896342e-04
4.291916573037457116e-04
4.293955238884643527e-04
4.295904382049599334e-04
4.297768096170058016e-04
4.299550288710856836e-04
4.301254687964020402e-04
4.302993406877135356e-04
4.304685860059227548e-04
4.306297404754339257e-04
4.307766786331680632e-04
4.309170114401947738e-04
4.310510654793331137e-04
4.311792072966503446e-04
4.313016124378818037e-04
4.314184292183582655e-04
4.315299233058533172e-04
4.316626403652104311e-04
4.317646377567712843e-04
4.318618727528363271e-04
4.319545840059001900e-04
4.320429984048677809e-04
4.321543218342696526e-04
4.322394141734626767e-04
4.323202764407032628e-04
4.323971293200965698e-04
4.324701780092490085e-04
4.325396148659168757e-04
4.326302759130233686e-04
4.326914742526893876e-04
4.327496109249552234e-04
4.328296873791412629e-04
4.328814887169493740e-04
4.329307619470263509e-04
4.329776293744087346e-04
4.330222056548014859e-04
4.330645995278357280e-04
4.331218311142677555e-04
4.331620395090810764e-04
4.332001968286979931e-04
4.332364066684325820e-04
4.332708175949469081e-04
4.333035518637110418e-04
4.333346015920395934e-04
4.333641484609403660e-04
4.334016905085235488e-04
4.334310313119275697e-04
4.334586470567878798e-04
4.334846423021904236e-04
4.335091165225218282e-04
4.335321642590963241e-04
4.335538752542293238e-04
4.335743345786054279e-04
4.335936227584754514e-04
4.336118159059158881e-04
4.336289858536585581e-04
4.336452002947117782e-04
4.336909328951802983e-04
4.337066459705919697e-04
4.337213328420473570e-04
4.337350653462792032e-04
4.337479123274224908e-04
4.337599380782456489e-04
4.337712021429006217e-04
4.337817601361687440e-04
4.337916780745820463e-04
4.338009944723933507e-04
4.338097502265816571e-04
4.338338620897662780e-04
4.338431624289018716e-04
4.338518240221342359e-04
4.338598831118010610e-04
4.338673770947174295e-04
4.338743436941802666e-04
4.338808202912170994e-04
4.338868433893178830e-04
4.338924481998800002e-04
4.339131932570011859e-04
4.339188390962013639e-04
4.339240719604465818e-04
4.339288900581815458e-04
4.339333285087920082e-04
4.339374202300328625e-04
4.339412177791594771e-04
4.339447455481504692e-04
4.339480115489614668e-04
4.339510399141933896e-04
4.339538528857699810e-04
4.339565190129668175e-04
4.339590075136331992e-04
4.339797387904329915e-04
4.339812396622594434e-04
4.339826065942642593e-04
4.339838515199949051e-04
4.339849855845198646e-04
4.339860199359782985e-04
4.339626564881635031e-04
4.339623528022051239e-04
4.339622170947373455e-04
4.339622324122520717e-04
4.339623830424934789e-04
4.339626541193372308e-04
4.339630314147903032e-04
4.339635013859395401e-04
4.339640513735754860e-04
4.339646698139631997e-04
4.339653463737689373e-04
4.339660719821901045e-04
4.339668387766004070e-04
4.339676399933195170e-04
4.339684698336746947e-04
4.339693233270534769e-04
4.339701962041474324e-04
4.339710847869711276e-04
4.339719858975104498e-04
4.339728967840937872e-04
4.339738150628594227e-04
4.339747386707475639e-04
4.339756658266730573e-04
4.339765951087555486e-04
4.339775251747930804e-04
4.339784548049324415e-04
4.339793830325970950e-04
4.339803090245880255e-04
4.339812320564362456e-04
4.339821514904848901e-04
4.339830667572430528e-04
4.339839773403388491e-04
4.339848827650889438e-04
4.339857825903803163e-04
4.339866764033138680e-04
4.339875638159969729e-04
4.339884444637313963e-04
4.339893180040362117e-04
4.339901841159047430e-04
4.339910424989862629e-04
4.339918928724366843e-04
4.339927349733535143e-04
4.339935685548252666e-04
4.339943933837102016e-04
4.339952092382256036e-04
4.339960159055751120e-04
4.339968131796815469e-04
4.339976008592001623e-04
4.339983813539251647e-04
4.339991577946291593e-04
4.339999232759399303e-04
4.340006776528738974e-04
4.340014207780769264e-04
4.340021525022177322e-04
4.340028726746710886e-04
4.340035811444514888e-04
4.340042777613196284e-04
4.340049623770401337e-04
4.340056348467284664e-04
4.340062950302758359e-04
4.340069427937819188e-04
4.340075780110053583e-04
4.340082005647634151e-04
4.340088103483041881e-04
4.340094072665836417e-04
4.340099912374697751e-04
4.340105621928291011e-04
4.340111200795023199e-04
4.340116648601426239e-04
4.340121965139099127e-04
4.340127150370211339e-04
4.340132204431555035e-04
4.340137127636772558e-04
4.340141920477375579e-04
4.340146583622017055e-04
4.340151117914298976e-04
4.340155524369278522e-04
4.340159804168588608e-04
4.340163958654409725e-04
4.340167989322276255e-04
4.340171897812999707e-04
4.340175685903765795e-04
4.340179355498531111e-04
4.340182908618015942e-04
4.340186347388992898e-04
4.340189674033760928e-04
4.340192890859064239e-04
4.340196000245276288e-04
4.340199004635616857e-04
4.340201906525428203e-04
4.340204708451973802e-04
4.340207412984398096e-04
4.340210022714189307e-04
4.340212540246041781e-04
4.340214968189419812e-04
4.340217309150397936e-04
4.340219565724388103e-04
4.340221740488999121e-04
4.340223835998054027e-04
4.340225854775719137e-04
4.340227799311373595e-04
4.340229672055188545e-04
4.340231475413933431e-04
4.340233211747668643e-04
4.340234883366593196e-04
4.340236492528605277e-04
4.340238041437279124e-04
4.340239532240129216e-04
4.340240967027367237e-04
4.340242347830925210e-04
4.340243676624023442e-04
4.340244955320724917e-04
4.340246185775950474e-04
4.340247369785694563e-04
4.340248509087518561e-04
4.340249605360971979e-04
4.340250660228690219e-04
4.340251675256964325e-04
4.340252651957102192e-04
4.340253591786293768e-04
4.340254496149105077e-04
4.340255366398562426e-04
4.340256203837662154e-04
4.340257009720798528e-04
4.340257785254953652e-04
4.340258531601436532e-04
4.340259249877181946e-04
4.340259941156255860e-04
4.340260606471249712e-04
4.340261246814835702e-04
4.340261863141103068e-04
4.340262456366984355e-04
4.340263027373621510e-04
4.340263577007725474e-04
4.340264106082846862e-04
4.340264615380700860e-04
4.340265105652447671e-04
4.340265577619722504e-04
4.340266031975974562e-04
4.340266469387569137e-04
4.340266890494757970e-04
4.340267295912884340e-04
4.340267686233246092e-04
4.340268062024152732e-04
