4.340277777777670878e-05
4.397568332533468237e-05
4.455463229347118962e-05
4.515700844464689298e-05
4.579002116516663165e-05
4.646775467518639811e-05
4.718712052476312373e-05
4.794777142049832846e-05
4.875397286065181183e-05
4.960325359262683669e-05
5.049866397763898718e-05
5.144102715538739946e-05
5.243526755382672491e-05
5.347679302456039474e-05
5.456117480042593261e-05
5.569356978887014928e-05
5.686850220604841978e-05
5.808538199584273721e-05
5.934013830320789337e-05
6.063767169374644292e-05
6.197299726030997176e-05
6.334726071306069335e-05
6.476662532881711197e-05
6.622374801907229412e-05
6.772126910140603240e-05
6.925519911837006715e-05
7.082500583484410998e-05
7.243698087508725764e-05
7.407457503122791146e-05
7.575389810851602794e-05
7.746743388006052363e-05
7.922754066873540131e-05
8.101614192629490630e-05
8.281589432993549226e-05
8.465265564214174922e-05
8.651989312784334578e-05
8.840831771403147310e-05
9.030856880029769138e-05
9.223423634143929658e-05
9.420237212366276616e-05
9.618044417419573263e-05
9.814805195670968266e-05
1.001375819094059492e-04
1.021259766488888257e-04
1.041235297997524282e-04
1.061264167288777580e-04
1.081457968044207860e-04
1.101540564717070741e-04
1.121776189598492154e-04
1.141886946022858436e-04
1.161893655542859196e-04
1.181995280175852600e-04
1.202007991642701953e-04
1.221885934436333352e-04
1.241581873025957418e-04
1.261330717067872162e-04
1.280869632539766026e-04
1.300359639787145851e-04
1.319631228579377685e-04
1.338664534165983299e-04
1.357581168935336272e-04
1.376537687574469200e-04
1.395046250198404467e-04
1.413443726456883485e-04
1.431644527741835838e-04
1.449684646480594338e-04
1.467450956096133172e-04
1.485000337043706521e-04
1.502300044401732758e-04
1.519337983575137080e-04
1.536107263673166514e-04
1.552690607651449574e-04
1.569232353782803449e-04
1.585299574554920325e-04
1.601135109193243752e-04
1.616658428669230305e-04
1.632053574323188028e-04
1.647142872178219497e-04
1.661833174022184451e-04
1.676309431854573816e-04
1.690462927802195909e-04
1.704549259013292449e-04
1.718169171973605517e-04
1.731504330436045363e-04
1.744769185292315309e-04
1.757539322919733399e-04
1.770024538710311148e-04
1.782287752073793291e-04
1.794217125254604834e-04
1.806107752769391301e-04
1.817501594485676031e-04
1.828617968527198863e-04
1.839522848909421393e-04
1.850103928408409852e-04
1.860476617295650536e-04
1.870567780748173640e-04
1.880400992663849294e-04
1.890047277825291153e-04
1.899339513191242645e-04
1.908612294220496776e-04
1.917486296878501151e-04
1.926368099042278744e-04
1.934713708618020613e-04
1.942929990670517874e-04
1.950834246785820164e-04
1.958564633831823601e-04
1.966258932331722646e-04
1.973535940627265750e-04
1.980776846419899729e-04
1.987752871220952442e-04
1.994358983130249089e-04
2.000807729717181220e-04
2.006989597647627769e-04
2.012964022828059492e-04
2.018874610842437162e-04
2.024855480076041359e-04
2.030277976092391195e-04
2.035798616783373086e-04
2.040896684786655871e-04
2.045824202516393698e-04
2.050668570223513113e-04
2.055213099337514738e-04
2.059602903770759949e-04
2.063830787806030323e-04
2.068010292980168401e-04
2.071963969957479749e-04
2.075807853212172235e-04
2.079535064856312735e-04
2.083076473128088197e-04
2.086480790738062579e-04
2.089862835766976407e-04
2.093120845296600095e-04
2.096244646780037009e-04
2.099181977359526304e-04
2.102071818978612635e-04
2.104784185956823676e-04
2.107524319419438596e-04
2.110038151213490250e-04
2.112363927801432168e-04
2.114687885921949105e-04
2.116915712539592734e-04
2.119108264443914059e-04
2.121307687134845127e-04
2.123297347552589203e-04
2.125332902126158944e-04
2.127171338914117006e-04
2.128938896357120722e-04
2.130630096376081109e-04
2.132248662850514005e-04
2.133874146506127773e-04
2.135362048982743016e-04
2.136787336151878811e-04
2.138152640558604683e-04
2.139460728848235709e-04
2.140863213536419894e-04
2.142081352382120335e-04
2.143296259622334637e-04
2.144415420405323611e-04
2.145485508717694849e-04
2.146508765736923618e-04
2.147487344048519932e-04
2.148423429940403157e-04
2.149318928904284164e-04
2.150175630243647247e-04
2.150995319273131046e-04
2.151779697158799859e-04
2.152530384499091304e-04
2.153248924788545731e-04
2.153936823647870460e-04
2.154595442410849092e-04
2.155226112506841024e-04
2.155830101837639468e-04
2.156408617055346881e-04
2.156962806444811002e-04
2.157493762705679774e-04
2.158002525633279317e-04
2.158490084698036883e-04
2.158957381523560171e-04
2.159405312264342839e-04
2.159834729883945671e-04
2.160246446335193791e-04
2.160641327772286075e-04
2.161020017849832385e-04
2.161383210309086671e-04
2.161731573241617058e-04
2.162065743219415497e-04
2.162386326928374645e-04
2.163082159727905038e-04
2.163362614514141721e-04
2.163630793455925032e-04
2.163887328243500332e-04
2.164132790144908088e-04
2.164367712215573458e-04
2.164592599600268755e-04
2.164807930846577753e-04
2.165014158585293000e-04
2.165211712220772161e-04
2.165447553839376302e-04
2.165633732524498828e-04
2.165811857230091344e-04
2.165982300313703103e-04
2.166146173496266703e-04
2.166305207979155533e-04
2.166457817504902257e-04
2.166603820897857304e-04
2.166743509856414900e-04
2.166877165610809459e-04
2.167005059484212158e-04
2.167127453169033632e-04
2.167244598834364611e-04
2.167356739141260461e-04
2.167612666018478237e-04
2.167737505594397604e-04
2.167855356586912232e-04
2.167966609542260590e-04
2.168071623720199226e-04
2.168170735099415230e-04
2.168264261746793823e-04
2.168352507064868139e-04
2.168435761584071818e-04
2.168701502971775649e-04
2.168784154775890661e-04
2.168861096714881284e-04
2.168932686395259467e-04
2.168999251843223264e-04
2.169061099431347285e-04
2.169199275209208685e-04
2.169262055532447707e-04
2.169320144888967116e-04
2.169374467675624257e-04
2.169424570323985233e-04
2.169470731260922261e-04
2.169513200398993707e-04
2.169552208410264137e-04
2.169638519238981285e-04
2.169684448711698506e-04
2.169725857388469744e-04
2.169763089257629996e-04
2.169796470032169910e-04
2.169826308065615577e-04
2.169852894997446489e-04
2.170024437364495692e-04
2.170052227676004953e-04
2.170076318729622831e-04
2.170097009447086297e-04
2.170114593592881017e-04
2.170129354541265566e-04
2.170141556768049088e-04
2.170151446786470551e-04
2.170159256214702404e-04
2.170165251340894219e-04
2.170169615215225556e-04
2.170250165981099340e-04
2.170255211903015049e-04
2.170258516512307693e-04
2.170260263627848583e-04
2.170260625021715347e-04
2.170259761411539408e-04
2.170257823096866253e-04
2.170254950314376386e-04
2.170251273438988568e-04
2.170246913140792659e-04
2.170242033797552988e-04
2.170237279023640880e-04
2.170232090510207422e-04
2.170226556103049332e-04
2.170220755328342022e-04
2.170214759874380440e-04
2.170208634090290388e-04
2.170202435484038352e-04
2.170196399047633095e-04
2.170190461053131067e-04
2.170184563653547146e-04
2.170178743038603611e-04
2.170262659338702944e-04
2.170253643986758965e-04
2.170244835728727046e-04
2.170236224239388589e-04
2.170227812532356986e-04
2.170219606663612878e-04
2.170211609741268992e-04
2.170203823803281719e-04
2.170196252021247346e-04
2.170188898412836671e-04
2.170069345284088432e-04
2.170055344280379702e-04
2.170042820167945180e-04
2.170031653290546822e-04
2.170021730476891545e-04
2.170012946088533496e-04
2.169916963282533958e-04
2.169908042455328222e-04
2.169899979375598505e-04
2.169892784366650603e-04
2.169886453772783285e-04
2.169880972932097742e-04
2.169876318635883899e-04
2.169872461176606496e-04
2.169869366058802679e-04
2.169866995427624881e-04
2.169865309254910568e-04
2.169864266313650412e-04
2.169863824965667675e-04
2.169863943784514310e-04
2.169864582035012769e-04
2.169865700030604435e-04
2.169867259389847728e-04
2.169869223212190319e-04
2.169871556191882184e-04
2.169874224686219088e-04
2.169877196750903290e-04
2.169880442152479351e-04
2.169883932364499030e-04
2.169887640551423870e-04
2.169891541542634430e-04
2.169895611797400528e-04
2.169899829361329920e-04
2.169904173814488145e-04
2.169908626211851160e-04
2.169913169016662142e-04
2.169917786028365111e-04
2.169922462306037221e-04
2.169927184089670254e-04
2.169931938720438944e-04
2.169936714562047792e-04
2.169941500924243321e-04
2.169946287989820430e-04
2.169951066746000532e-04
2.169955828920592372e-04
2.169960566923452160e-04
2.169965273793128080e-04
2.169969943148664527e-04
2.169974569146326446e-04
2.169979146440892772e-04
2.170302484226608068e-04
2.170300014039059364e-04
2.170297216937007434e-04
2.170294094582749694e-04
2.170290643589053970e-04
2.170286860849217001e-04
2.170282747286962773e-04
2.170278309659978146e-04
2.170273560858719509e-04
2.170268519280268678e-04
2.170263207755209920e-04
2.170257652349885788e-04
2.170251881232162540e-04
2.170245923691646399e-04
2.170239809346143783e-04
2.170233567530606585e-04
2.170227226850161698e-04
2.170220814870708176e-04
2.170214357921172580e-04
2.170207880981864614e-04
2.170201407637351737e-04
2.170194960139549970e-04
2.170188559550062838e-04
2.170182225018230657e-04
2.170175974758676218e-04
2.170169825759732190e-04
2.170163793828396210e-04
2.170157893627446650e-04
2.170152138703938154e-04
2.170146541509251252e-04
2.170141113412030686e-04
2.170367732512349475e-04
2.170358412194609498e-04
2.170349062391441208e-04
2.170234054672679955e-04
2.170219510922268339e-04
2.170204424668180192e-04
2.170189227593968622e-04
2.170174217331861737e-04
2.170159594985166180e-04
2.170145492468006213e-04
2.170131992374616024e-04
2.170119142387420840e-04
2.170106965699530692e-04
2.170095468532080840e-04
2.170084645536578369e-04
2.170074483660483814e-04
2.170064964899599597e-04
2.170056068246326844e-04
2.170047771059258578e-04
2.170040050017598549e-04
2.170032881777705014e-04
2.170026243416207413e-04
2.170020128060476654e-04
2.170014523847737164e-04
2.170009382161565013e-04
2.170004683879448739e-04
2.170000410886143523e-04
2.169996546034711740e-04
2.169993073085218647e-04
2.169989976628431381e-04
2.169987242000400362e-04
2.169984855193161151e-04
2.169982802765190464e-04
2.169981071755393428e-04
2.169979649602578266e-04
