5.563042322225866516e-05
5.716883173202212117e-05
5.897821115764618815e-05
6.141577150986572589e-05
6.444469408783243779e-05
6.803812884296535097e-05
7.226928861268204789e-05
7.719932867950244216e-05
8.244954229222318078e-05
8.824023262511054898e-05
9.455318210804382838e-05
1.011524554659221358e-04
1.084011046224319822e-04
1.166645233170814479e-04
1.242950388903132398e-04
1.332760450258332300e-04
1.416683669304504196e-04
1.503776962404505607e-04
1.588370394931678479e-04
1.686674179785988112e-04
1.772323111087922788e-04
1.851235366693340634e-04
1.931466027408251568e-04
2.000626497313253110e-04
2.060547557642409329e-04
2.108843004904061805e-04
2.146155982053181302e-04
2.178710931460543614e-04
2.210922417990819676e-04
2.233319234445381560e-04
2.252973358330395812e-04
2.276194533677415458e-04
2.292922466309979318e-04
2.309711606939708335e-04
2.326877786934892231e-04
2.343765791269561145e-04
2.360421560521535136e-04
2.375822056094843162e-04
2.391226986827790367e-04
2.406487786787528697e-04
2.420369487379161349e-04
2.436861391327024677e-04
2.449728555618346879e-04
2.462124446616866967e-04
2.474171834418225431e-04
2.485682254512290384e-04
2.496694693263010732e-04
2.507658306913763784e-04
2.517935124334908154e-04
2.527798099015675913e-04
2.537271439351190100e-04
2.543012463154877174e-04
2.551800869153739658e-04
2.560274752623448668e-04
2.565058734853800258e-04
2.572920115989064081e-04
2.580505517951187230e-04
2.587816354997002550e-04
2.594861298201633156e-04
2.601646753263471556e-04
2.608175094545780721e-04
2.614469410259689843e-04
2.620531560056678496e-04
2.633485625117292536e-04
2.638984594723670410e-04
2.641030868636178768e-04
2.642817315956216481e-04
2.648292909962481024e-04
2.653061678105274475e-04
2.657684956314357891e-04
2.662175575568877738e-04
2.666526213021568384e-04
2.670726202146269236e-04
2.675328863434481394e-04
2.679335648836712902e-04
2.683145506072111036e-04
2.686805540503361912e-04
2.691059723140716564e-04
2.694398737639681408e-04
2.697651731658940485e-04
2.704881397954380187e-04
2.707904879163598494e-04
2.710821478628953939e-04
2.713633461459219812e-04
2.716344445860056325e-04
2.718956477744415880e-04
2.721473158143579906e-04
2.723897850839627891e-04
2.726234421533274012e-04
2.728786230666162575e-04
2.730980578901884043e-04
2.733103195046600580e-04
2.735156549646517951e-04
2.737143392177920822e-04
2.739063082215415813e-04
2.740914857370729753e-04
2.742700319918671783e-04
2.744422310053844303e-04
2.746313614831362372e-04
2.747892923719610068e-04
2.749415215004091632e-04
2.751124897844571776e-04
2.752549269009477097e-04
2.753925436910892831e-04
2.755255540379007240e-04
2.756540710178789289e-04
2.757780534870857606e-04
2.758975397436191478e-04
2.760126857617870499e-04
2.761434222907704558e-04
2.762484498344091309e-04
2.763497855710849143e-04
2.764394216926728738e-04
2.765374968588698960e-04
2.766306029505852791e-04
2.767195532630869060e-04
2.768048759541789439e-04
2.768870179634198890e-04
2.769228892996621516e-04
2.769976073397965822e-04
2.770687086713888758e-04
2.771365223813404793e-04
2.772014109328257221e-04
2.772639801466386883e-04
2.773245509109559769e-04
2.773831945900589340e-04
2.774399051432226734e-04
2.774947043567353006e-04
2.775476447047880947e-04
2.775987870852132428e-04
2.776481899354494437e-04
2.776959081178887790e-04
2.777419945929996163e-04
2.777865014303977729e-04
2.778294798651185604e-04
2.778709800389884336e-04
2.783224593493527810e-04
2.783577809114059251e-04
2.784150453255788580e-04
2.784481193667555084e-04
2.784801189931234637e-04
2.785110898547353098e-04
2.785409689253381558e-04
2.785695866748944243e-04
2.785969511384256024e-04
2.786231774646358468e-04
2.786483876221020517e-04
2.786726666989247365e-04
2.786960711637869294e-04
2.787186450768405332e-04
2.787404275275583631e-04
2.787614541636815801e-04
2.787817572057780320e-04
2.788013657445921807e-04
2.788203063559345886e-04
2.788386036877464418e-04
2.788562808704913220e-04
2.788733597778720024e-04
2.788898612030774309e-04
2.789058049911949866e-04
2.789212101436151369e-04
2.789360949002503377e-04
2.789504768038835705e-04
2.789643727509973125e-04
2.789777990328629010e-04
2.789907713696306154e-04
2.790033049392909390e-04
2.790154144027897232e-04
2.790271139262297207e-04
2.790384172008251095e-04
2.790493374611235163e-04
2.790598875018527290e-04
2.790700796936632045e-04
2.790799259979567012e-04
2.790894379809462670e-04
2.790986268270493351e-04
2.791075033516976804e-04
2.791160780136242494e-04
2.791243609266701219e-04
2.791323618711550811e-04
2.791400903048372171e-04
2.791475553734842777e-04
2.791547659210830037e-04
2.791617304996985385e-04
2.791684573790015832e-04
2.791749545554804294e-04
2.791812297613398730e-04
2.791872904731153640e-04
2.791931439199959921e-04
2.791987970918786456e-04
2.792042567471568655e-04
2.792095294202585442e-04
2.792146214289325233e-04
2.792195388813050686e-04
2.792242876827011290e-04
2.792288735422502168e-04
2.792333019792744733e-04
2.792375783294721446e-04
2.792417077509027571e-04
2.792456952297756728e-04
2.792495455860556858e-04
2.792532634788884240e-04
2.792568534118488092e-04
2.792603197380222791e-04
2.792636666649250593e-04
2.792668982592621846e-04
2.792700184515383940e-04
2.792730310405156652e-04
2.792759396975329472e-04
2.792787479706828864e-04
2.792814592888605090e-04
2.792840769656766481e-04
2.792866042032475017e-04
2.792890440958657955e-04
2.792913996335513282e-04
2.792936737054859406e-04
2.792958691033438053e-04
2.792979885245111820e-04
2.793000345752006254e-04
2.793020097734710849e-04
2.793039165521443538e-04
2.793057572616335364e-04
2.793075341726761586e-04
2.793092494789792420e-04
2.793109052997832251e-04
2.793125036823381185e-04
2.793140466043019226e-04
2.793155359760605494e-04
2.793169736429741809e-04
2.793183613875477333e-04
2.793197009315356188e-04
2.793209939379702337e-04
2.793222420131350977e-04
2.793234467084619913e-04
2.793246095223759964e-04
2.793257319020742927e-04
2.793268152452483589e-04
2.793278609017507707e-04
2.793288701752069756e-04
2.793298443245722075e-04
2.793307845656394493e-04
2.793316920724970339e-04
2.793325679789379992e-04
2.793334133798229839e-04
2.793342293323981839e-04
2.793350168575693985e-04
2.793357769411358520e-04
2.793365105349775038e-04
2.793372185582118378e-04
2.793379018983031098e-04
2.793385614121408574e-04
2.793391979270799753e-04
2.793398122419457705e-04
2.793404051280082810e-04
2.793409773299190802e-04
2.793415295666220612e-04
2.793420625322292554e-04
2.793425768968719309e-04
2.793430733075170512e-04
2.793435523887636217e-04
2.793440147436041248e-04
2.793444609541690412e-04
2.793448915824379248e-04
2.793453071709336706e-04
2.793457082433865347e-04
2.793460953053835175e-04
2.793464688449873883e-04
2.793468293333420502e-04
2.793471772252516662e-04
2.793475129597456372e-04
2.793478369606179385e-04
2.793481496369558306e-04
2.793484513836424414e-04
2.793487425818499156e-04
2.793490235995083320e-04
2.793492947917662725e-04
2.793495565014301411e-04
2.793498090593891166e-04
2.793500527850288303e-04
2.793502879866270995e-04
2.793505149617399037e-04
2.793507339975700673e-04
2.793509453713262391e-04
2.793511493505683192e-04
2.793513461935427482e-04
2.793515361495028894e-04
2.793517194590220917e-04
2.793518963542939056e-04
2.793520670594229743e-04
2.793522317907048123e-04
2.793523907568965306e-04
2.793525441594800268e-04
2.793526921929109178e-04
2.793528350448669308e-04
2.793529728964791090e-04
2.793531059225626929e-04
2.793532342918334725e-04
2.793533581671220800e-04
2.793534777055767357e-04
2.793535930588618736e-04
2.793537043733490153e-04
2.793538117902996209e-04
2.793539154460440363e-04
2.793540154721525803e-04
2.793541119956007772e-04
2.793542051389310654e-04
2.793542950204047485e-04
2.793543817541519403e-04
2.793544654503169020e-04
2.793545462151946521e-04
2.793546241513668164e-04
2.793546993578296185e-04
2.793547719301193218e-04
2.793548419604356117e-04
2.793549095377519673e-04
2.793549747479336771e-04
2.793550376738436567e-04
2.793550983954468580e-04
2.793551569899144064e-04
2.793552135317161375e-04
2.793552680927192055e-04
2.793553207422774212e-04
2.793553715473181512e-04
2.793554205724280235e-04
2.793554678799339179e-04
2.793555135299835221e-04
2.793555575806189488e-04
2.793556000878518711e-04
2.793556411057348632e-04
2.793556806864282410e-04
2.793557188802674456e-04
2.793557557358263064e-04
2.793557912999785156e-04
2.793558256179575297e-04
2.793558587334142498e-04
2.793558906884692798e-04
2.793559215237714191e-04
2.793559512785457472e-04
2.793559799906434964e-04
2.793560076965914923e-04
2.793560344316373643e-04
2.793560602297947030e-04
2.793560851238863739e-04
2.793561091455852292e-04
2.793561323254571509e-04
2.793561546929943353e-04
2.793561762766596374e-04
2.793561971039161692e-04
2.793562172012679576e-04
2.793562365942886213e-04
2.793562553076574207e-04
2.793562733651890192e-04
2.793562907898631902e-04
2.793563076038559881e-04
2.793563238285659859e-04
2.793563394846421935e-04
2.793563545920107831e-04
2.793563691698995382e-04
2.793563832368627358e-04
2.793563968108045111e-04
2.793564099090022762e-04
2.793564225481277538e-04
2.793564347442688777e-04
2.793564465129490921e-04
2.793564578691498483e-04
2.793564688273252419e-04
2.793564794014250516e-04
2.793564896049092138e-04
2.793564994507661994e-04
2.793565089515302529e-04
2.793565181192941859e-04
2.793565269657303563e-04
2.793565355020989627e-04
2.793565437392679391e-04
2.793565516877229843e-04
2.793565593575829029e-04
2.793565667586122366e-04
2.793565739002328106e-04
2.793565807915364733e-04
2.793565874412965344e-04
2.793565938579784988e-04
2.793566000497519925e-04
2.793566060244994363e-04
2.793566117898279178e-04
2.793566173530766727e-04
2.793566227213291190e-04
2.793566279014195251e-04
2.793566328999434723e-04
2.793566377232641973e-04
2.793566423775232176e-04
2.793566468686454270e-04
2.793566512023492872e-04
2.793566553841522488e-04
2.793566594193785035e-04
2.793566633131661396e-04
2.793566670704717499e-04
2.793566706960797018e-04
2.793566741946061486e-04
2.793566775705056435e-04
2.793566808280755300e-04
