5.563042322225866516e-05
5.805275953956337087e-05
6.078912953877143677e-05
6.404152536684461119e-05
6.814321894327151372e-05
7.277678181905560375e-05
7.830130670456889529e-05
8.401438287545928208e-05
9.025001389549148578e-05
9.737970307181537024e-05
1.052089584538151202e-04
1.133616180475746811e-04
1.219286179215244974e-04
1.322295172696727982e-04
1.423875106074858217e-04
1.530787517256241724e-04
1.650253924680833548e-04
1.780444744755921489e-04
1.916453358944943195e-04
2.068873462275196628e-04
2.226151334556031856e-04
2.395161265333253504e-04
2.580501739869531653e-04
2.777494506818233358e-04
2.992779088627072360e-04
3.236634300775339374e-04
3.450088993533741632e-04
3.721360929960037633e-04
3.994727188499848001e-04
4.265141109311609748e-04
4.573237514282684976e-04
4.924038070353850072e-04
5.306279818523988506e-04
5.673109483391100549e-04
6.102539809412659867e-04
6.554363634847474186e-04
6.945763047315854774e-04
7.505042886695961844e-04
8.025502191788038689e-04
8.555521066192998524e-04
9.106001113238494605e-04
9.733081859502753456e-04
1.028145072591393023e-03
1.085040180779917084e-03
1.138554968174213715e-03
1.168839603976519264e-03
1.211805250213125870e-03
1.235622001303413780e-03
1.237945890426508412e-03
1.239251205024894005e-03
1.238400468829901294e-03
1.234413685627012156e-03
1.229716817990279517e-03
1.225041132672915470e-03
1.219652142032315485e-03
1.212755686538386727e-03
1.207514323603277664e-03
1.201263487315979827e-03
1.194566193585855666e-03
1.188736855019269494e-03
1.183455328719561477e-03
1.178384047888638353e-03
1.173569624151170809e-03
1.170811146142531354e-03
1.166691192143751513e-03
1.161251526895218725e-03
1.157555277164668819e-03
1.154099151089102828e-03
1.150853515538439488e-03
1.147798052226699748e-03
1.144586716554511210e-03
1.141988243903049047e-03
1.139473795880781857e-03
1.135573483758514982e-03
1.133287292384029064e-03
1.131134131397675512e-03
1.130659812104914353e-03
1.128708875792020470e-03
1.126858958157759844e-03
1.124944233424279806e-03
1.123342624247882600e-03
1.121778038535170422e-03
1.120275105267233519e-03
1.118842242123079716e-03
1.117600222428279848e-03
1.117763583759158333e-03
1.116514666472669679e-03
1.115326793236849938e-03
1.114196328054404628e-03
1.113139504238841188e-03
1.112111570996083361e-03
1.111131134777046522e-03
1.111726713224427381e-03
1.110815046943934006e-03
1.109966377873332875e-03
1.110565094545540874e-03
1.109736423313165826e-03
1.108926708250483097e-03
1.109767107305459875e-03
1.109022108812252484e-03
1.108311118334109717e-03
1.107633110212576490e-03
1.106986077341201276e-03
1.106368365413717665e-03
1.105777804191948556e-03
1.105213355861181523e-03
1.104673549730774383e-03
1.104136761941436080e-03
1.105157927943268290e-03
1.104651185540590167e-03
1.104173549506377860e-03
1.103717135492710520e-03
1.103279792028292322e-03
1.102860342481623568e-03
1.102458571984880420e-03
1.102074033956491244e-03
1.101706006688271504e-03
1.101332831978233708e-03
1.101015955673281289e-03
1.100692445970513893e-03
1.101844981151073625e-03
1.101499737360283433e-03
1.101176993451430646e-03
1.102424871325732554e-03
1.102112186941656960e-03
1.101793590459561019e-03
1.101509892586116863e-03
1.101259915605852903e-03
1.101001284631739942e-03
1.100754167459459072e-03
1.100517847630951181e-03
1.100291767197429920e-03
1.100075519262145272e-03
1.099868412609007447e-03
1.099670173375816165e-03
1.099480282612240369e-03
1.099298323251360647e-03
1.099123930693743237e-03
1.098956839687947971e-03
1.098796616109896799e-03
1.098642942192413000e-03
1.098495514405239222e-03
1.098354060088693740e-03
1.098197687386360697e-03
1.098088111245599640e-03
1.097963109759322051e-03
1.097822459495995974e-03
1.097727909936373376e-03
1.097617195583091990e-03
1.097510943910685400e-03
1.097408867011062140e-03
1.097311018099280874e-03
1.097217097328699294e-03
1.097106184347897010e-03
1.097040079423825887e-03
1.096936020982626188e-03
1.096855877919448823e-03
1.096778808151651794e-03
1.096704678366358307e-03
1.096654075769454154e-03
1.096564884205528632e-03
1.097898449662614581e-03
1.097821197673485996e-03
1.097743018176187751e-03
1.097664306183506215e-03
1.097565137296548695e-03
1.097489040171575371e-03
1.097437326102022491e-03
1.097348060655011122e-03
1.097377827280291004e-03
1.097315108913403219e-03
1.097254191125218064e-03
1.097175647358972998e-03
1.097141590662289523e-03
1.097089305023547529e-03
1.097038874671395041e-03
1.096969565414912312e-03
1.096943285844177067e-03
1.096877532540794890e-03
1.096834231013617397e-03
1.096792639033355825e-03
1.096752689783325393e-03
1.096714317753200640e-03
1.096677464559085756e-03
1.096662769411927167e-03
1.096608202922570675e-03
1.096596211786093683e-03
1.096544256276433095e-03
1.096534798058226628e-03
1.096485279530615359e-03
1.096478161213069276e-03
1.096430887393546466e-03
1.096425919085545781e-03
1.096683509879986312e-03
1.096652780070929553e-03
1.096590276497054353e-03
1.096562167651960601e-03
1.096563286533469312e-03
1.096528083014324624e-03
1.096534581854497013e-03
1.096519878897450270e-03
1.096484409573889127e-03
1.096490357367528676e-03
1.096455586803123973e-03
1.096441772119587316e-03
1.096428359115392140e-03
1.096436036350646780e-03
1.096402886613213846e-03
1.096390690402690351e-03
1.096399544493423944e-03
1.096367535658226977e-03
1.096377132837289287e-03
1.096345859929165074e-03
1.096335611847407306e-03
1.097801554479958287e-03
1.097727292725973400e-03
1.097682155529163331e-03
1.097661085813105529e-03
1.097600347875088769e-03
1.097561674724956181e-03
1.097524786064009569e-03
1.097489854558170424e-03
1.097456757371817731e-03
1.097445881159472923e-03
1.097395488324216274e-03
1.098882997794769579e-03
1.098866500767824118e-03
1.098808705598417965e-03
1.098791351019161875e-03
1.100236401555627821e-03
1.100206089588229687e-03
1.100134142999014330e-03
1.100083972754924101e-03
1.100035357659617493e-03
1.099988948259562980e-03
1.099945053442354017e-03
1.099903625919261899e-03
1.099864476588959146e-03
1.099848040629614965e-03
1.100078420963712666e-03
1.100091996462192797e-03
1.100095773164538838e-03
1.100055740822741433e-03
1.100059915622995845e-03
1.100046380344112899e-03
1.100106845545264882e-03
1.100110635655902327e-03
1.100094131692821173e-03
1.100058143957489054e-03
1.101718496608544229e-03
1.101673488039504054e-03
1.101669323049722388e-03
1.101645647694847246e-03
1.101700335796156451e-03
1.101669800649326568e-03
1.101642357690424921e-03
1.101617652562955326e-03
1.101595144423834138e-03
1.101553143137599337e-03
1.101553088266241662e-03
1.101532861502935948e-03
1.101492714043478781e-03
1.101474000125594269e-03
1.101476626389717543e-03
1.101438765307109074e-03
1.101442903499547966e-03
1.101406504752421153e-03
1.101412062342565536e-03
1.101377030822916873e-03
1.101363331804927886e-03
1.101370820349032581e-03
1.101337645302813114e-03
1.101346296984443557e-03
1.101314232163699662e-03
1.101323943665359151e-03
1.101292890209701336e-03
1.101303564876345660e-03
1.101273437631344193e-03
1.101284986998696215e-03
1.101255690218785324e-03
1.101247352410228680e-03
1.101260078776451897e-03
1.101231901410882393e-03
1.101245319835359197e-03
1.101217801660103355e-03
1.101231844886776251e-03
1.101204927814082015e-03
1.101198862986648352e-03
1.101213751315902045e-03
1.101187635051453697e-03
1.101203016742185146e-03
1.101177378128706790e-03
1.101172528378567116e-03
1.101188573063927815e-03
1.101163561804783739e-03
1.101179996299759363e-03
1.101155362021705728e-03
1.101151469558772156e-03
1.101168429231912192e-03
1.101144292132579710e-03
1.101161558497622522e-03
1.101158289550898317e-03
1.101134585762240719e-03
1.101152270369476580e-03
1.101128824795627025e-03
1.101126065576017287e-03
1.101144111930343113e-03
1.101121011520776131e-03
1.101139267949128491e-03
1.101116366186749834e-03
1.101134811201533821e-03
1.101112097801267529e-03
1.101110040203182126e-03
1.101128752034890136e-03
1.101106287863677690e-03
1.101125153565155274e-03
1.101102838254961825e-03
1.101121843371678094e-03
1.101099666854032846e-03
1.101098120341769543e-03
1.101117318129611828e-03
1.101095318726693978e-03
1.101114628603522792e-03
1.101092736860974494e-03
1.101112149182599228e-03
1.101090353602288824e-03
1.101109854950685406e-03
1.101088156136761573e-03
1.101107745487332496e-03
1.101086127525375711e-03
1.101105801271761407e-03
1.101084261514215885e-03
1.101083325439950475e-03
1.101082540621308760e-03
1.101081672734064050e-03
1.101101522599779153e-03
1.101080147498078362e-03
1.101100057159928088e-03
1.101078739926460940e-03
1.101098702933315946e-03
1.101077440261508892e-03
1.101097453805859527e-03
1.101076234439912673e-03
1.101096290433423381e-03
1.101075114915793431e-03
1.101095213439288881e-03
1.101074079308138028e-03
1.101094213658457624e-03
1.101073115356271349e-03
1.101093288042166111e-03
1.101072223797175268e-03
1.101092429723303512e-03
1.101071397017534207e-03
1.101091634609553931e-03
1.101070632358424088e-03
1.101070330111736341e-03
1.101069924224799650e-03
1.101069647595341160e-03
1.101089949951114706e-03
1.101069011041232257e-03
1.101089334480680106e-03
1.101068421682377787e-03
1.101088762566839168e-03
1.101067870924106549e-03
1.101088237661965261e-03
1.101067362612094709e-03
1.101087746463831661e-03
1.101066887800777492e-03
1.101087286817009105e-03
1.101066443322209175e-03
1.101066288676652832e-03
1.101086712781137750e-03
1.101065889812105972e-03
1.101086328576791028e-03
1.101065523674565763e-03
1.101085972006816526e-03
1.101065179790885551e-03
1.101085639774182110e-03
1.101064848739822469e-03
1.101064747472099313e-03
1.101085218562778897e-03
1.101064447622956619e-03
1.101084931531810026e-03
1.101064167494175770e-03
1.101064091454849458e-03
1.101084586362926099e-03
1.101063839679858629e-03
1.101084345562851558e-03
1.101063603832512418e-03
1.101084117326884540e-03
1.101063380910328234e-03
1.101063332863562016e-03
1.101083855724778243e-03
1.101063134700554962e-03
1.101083666520006384e-03
1.101062948501168107e-03
1.101062916722299724e-03
1.101083454236127107e-03
1.101062748576538304e-03
1.101083293954796581e-03
