5.563042322225866516e-05
5.749946447018991567e-05
5.961633618108158904e-05
6.238132612059129093e-05
6.576996918472359196e-05
6.970940162192676187e-05
7.459194353632841860e-05
7.981907788950361963e-05
8.526889349174968731e-05
9.170269951197270299e-05
9.810299374690245166e-05
1.053600643936006753e-04
1.136409455369138916e-04
1.224137770415805837e-04
1.312792069788032792e-04
1.418240717672050288e-04
1.522438373339358162e-04
1.632892206680773724e-04
1.762701840386009732e-04
1.891610043729111861e-04
2.037172566279888124e-04
2.191308669850279296e-04
2.359745108383439979e-04
2.534335892450700119e-04
2.711225850210627320e-04
2.919192638647332533e-04
3.114373515651961376e-04
3.333278495068020498e-04
3.565111514215285301e-04
3.791343737389645733e-04
4.006493615885516816e-04
4.241262694778695280e-04
4.474567895034377708e-04
4.658058183745534707e-04
4.848769933350569202e-04
4.975114054574607519e-04
5.121059658973596031e-04
5.212645926145897946e-04
5.258615992297155156e-04
5.281125854537710353e-04
5.295056239415657246e-04
5.308653163052705435e-04
5.315623122069001614e-04
5.318894264281690508e-04
5.319577056192728668e-04
5.319624698163819519e-04
5.319449003494514756e-04
5.329492089341606722e-04
5.329958241381629620e-04
5.338895471801688615e-04
5.340362825589314334e-04
5.349863856164226812e-04
5.352082070390315515e-04
5.356693307811440227e-04
5.358423522164104669e-04
5.362290354240775627e-04
5.365228317296427294e-04
5.368363264778140296e-04
5.370914534856388632e-04
5.374531462871968935e-04
5.378008406448153223e-04
5.380377220280794679e-04
5.384246653503692217e-04
5.387861584836313575e-04
5.391350942528809389e-04
5.394763467859231077e-04
5.398126339836382395e-04
5.401447412943510959e-04
5.404722018071716257e-04
5.407942826212028481e-04
5.411104712385253349e-04
5.414204807746412660e-04
5.417241190394944542e-04
5.420212266974539471e-04
5.423116705228510749e-04
5.425953500498027207e-04
5.428721997646281409e-04
5.431421859534783488e-04
5.440930564685258694e-04
5.443408528773060334e-04
5.445821769182183003e-04
5.448157318239801395e-04
5.450417033398102361e-04
5.452607081013467576e-04
5.454737482288129873e-04
5.457413988588146608e-04
5.459852934011033511e-04
5.461886468019801081e-04
5.463860404175625764e-04
5.465790431438338282e-04
5.467673979614628066e-04
5.469504699629221343e-04
5.471278877235012704e-04
5.472997448670890216e-04
5.474662838279527105e-04
5.476277033776885250e-04
5.477841587459234690e-04
5.479357765177325385e-04
5.480826784493832366e-04
5.482249875086841334e-04
5.483628265694756717e-04
5.484963166772001842e-04
5.486255765662979194e-04
5.487507228500113771e-04
5.488718702263272343e-04
5.489891315129346010e-04
5.491026175773165317e-04
5.492124372483748627e-04
5.493186972447591365e-04
5.487000128066462073e-04
5.488009621651411844e-04
5.491646011802886994e-04
5.492509774233017344e-04
5.492249190765400918e-04
5.493210328043182569e-04
5.494169860319915704e-04
5.496270457133752658e-04
5.497146038771207012e-04
5.496793485466227366e-04
5.497610233072473644e-04
5.499578015837887184e-04
5.500336007358559275e-04
5.499883507654131955e-04
5.501777400890591569e-04
5.501269901621752990e-04
5.503123524067639934e-04
5.502581559964528184e-04
5.504395948531695497e-04
5.503804350901871307e-04
5.505566227649341367e-04
5.504935804061748253e-04
5.505476160747017509e-04
5.507187744374183362e-04
5.515254632124719355e-04
5.515691596420080724e-04
5.523617658187436174e-04
5.523942018265791008e-04
5.524228931418012981e-04
5.524492450351028809e-04
5.524749937980107453e-04
5.524997312906898116e-04
5.525246033598790784e-04
5.524298884166928660e-04
5.525735476521738236e-04
5.525972563075581259e-04
5.525832364269844810e-04
5.527613351273264180e-04
5.527946482627123974e-04
5.520897517615908773e-04
5.521194390868723340e-04
5.521540319114459378e-04
5.521895030524787097e-04
5.522242007730540289e-04
5.522573584377885730e-04
5.522889192236576494e-04
5.531448919148391737e-04
5.531682023905168215e-04
5.524824860296897750e-04
5.525086069608774490e-04
5.525399935656112984e-04
5.525724183830781630e-04
5.526045817516704334e-04
5.526355859695632330e-04
5.526652893709211407e-04
5.526939203300362900e-04
5.527216113271354479e-04
5.527484679198826781e-04
5.527745304161445087e-04
5.527998247045228571e-04
5.528243770372702655e-04
5.528482134315639701e-04
5.528713573616171042e-04
5.528938293555752575e-04
5.529156477621565910e-04
5.529368295686244803e-04
5.529573908897797169e-04
5.529773472040896585e-04
5.529967134841709845e-04
5.530155042936098176e-04
5.530337338643219339e-04
5.530514161530120489e-04
5.530685648780214042e-04
5.530851935413123519e-04
5.531013154405338981e-04
5.531169436747198362e-04
5.531320911458027269e-04
5.531467705574041448e-04
5.531609944118973587e-04
5.531747750065213335e-04
5.531881244290858804e-04
5.532010545536630375e-04
5.532135770365215286e-04
5.532257033124585817e-04
5.532374445916402386e-04
5.532488118570075102e-04
5.532598158622494596e-04
5.532704671303728151e-04
5.532807759528259343e-04
5.532907523891638941e-04
5.533004062672220716e-04
5.533097471837508359e-04
5.533187845054941129e-04
5.533275273706475279e-04
5.533359846906861544e-04
5.533441651525061386e-04
5.533520772208487580e-04
5.533597291409895688e-04
5.533671289416440672e-04
5.533742844380716520e-04
5.533812032353526257e-04
5.533878927318100450e-04
5.533943601225559290e-04
5.534006124031467556e-04
5.534066563733235251e-04
5.534124986408187194e-04
5.534181456252248435e-04
5.534236035618997221e-04
5.534288785059032377e-04
5.534339763359454522e-04
5.534389027583526193e-04
5.534436633110207272e-04
5.534482633673629701e-04
5.534527081402351029e-04
5.534570026858459408e-04
5.534611519076250343e-04
5.534651605600578173e-04
5.534690332524826997e-04
5.534727744528414317e-04
5.534763884913774254e-04
5.534798795642820353e-04
5.534832517372894473e-04
5.534865089492116115e-04
5.534896550154074727e-04
5.534926936312021097e-04
5.534956283752330173e-04
5.534984627127327453e-04
5.535011999987532070e-04
5.535038434813145279e-04
5.535063963044964310e-04
5.535088615114501509e-04
5.535112420473605821e-04
5.535135407623254867e-04
5.535157604141712753e-04
5.535179036712133864e-04
5.535199731149302539e-04
5.535219712425911960e-04
5.535239004698055921e-04
5.535257631330132945e-04
5.535275614919078204e-04
5.535292977318016479e-04
5.535309739659234228e-04
5.535325922376566196e-04
5.535341545227184627e-04
5.535356627312768311e-04
5.535371187100130612e-04
5.535385242441216496e-04
5.535398810592601906e-04
5.535411908234384899e-04
5.535424551488581308e-04
5.535436755936946852e-04
5.535448536638349314e-04
5.535459908145536805e-04
5.535470884521518980e-04
5.535481479355399640e-04
5.535491705777723613e-04
5.535501576475433325e-04
5.535511103706298444e-04
5.535520299312983407e-04
5.535529174736610785e-04
5.535537741029941932e-04
5.535546008870215022e-04
5.535553988571448574e-04
5.535561690096501035e-04
5.535569123068673908e-04
5.535576296782975534e-04
5.535583220217029244e-04
5.535589902041653009e-04
5.535596350631050936e-04
5.535602574072774921e-04
5.535608580177267795e-04
5.535614376487170115e-04
5.535619970286301695e-04
5.535625368608347151e-04
5.535630578245294246e-04
5.535635605755565404e-04
5.535640457471882516e-04
5.535645139508931162e-04
5.535649657770688736e-04
5.535654017957588853e-04
5.535658225573423380e-04
5.535662285931990763e-04
5.535666204163580640e-04
5.535669985221199334e-04
5.535673633886596928e-04
5.535677154776127377e-04
5.535680552346370102e-04
5.535683830899595448e-04
5.535686994589027405e-04
5.535690047423961037e-04
5.535692993274666336e-04
5.535695835877164125e-04
5.535698578837820912e-04
5.535701225637797368e-04
5.535703779637376467e-04
5.535706244080079112e-04
5.535708622096672431e-04
5.535710916709111942e-04
5.535713130834202895e-04
5.535715267287293073e-04
5.535717328785723802e-04
5.535719317952251693e-04
5.535721237318284990e-04
5.535723089327035341e-04
5.535724876336586093e-04
5.535726600622810963e-04
5.535728264382241753e-04
5.535729869734794034e-04
5.535731418726444041e-04
5.535732913331750530e-04
5.535734355456377711e-04
5.535735746939444719e-04
5.535737089555854478e-04
5.535738385018515234e-04
5.535739634980504616e-04
5.535740841037112281e-04
5.535742004727890134e-04
5.535743127538570287e-04
5.535744210902929880e-04
5.535745256204619054e-04
5.535746264778867477e-04
5.535747237914222327e-04
5.535748176854117129e-04
5.535749082798487215e-04
5.535749956905267012e-04
5.535750800291850456e-04
5.535751614036497209e-04
5.535752399179728021e-04
5.535753156725610599e-04
5.535753887643043297e-04
5.535754592866971597e-04
5.535755273299596988e-04
5.535755929811491532e-04
5.535756563242730851e-04
5.535757174403913277e-04
5.535757764077264657e-04
5.535758333017550166e-04
5.535758881953089117e-04
5.535759411586646181e-04
5.535759922596338858e-04
5.535760415636520023e-04
5.535760891338553126e-04
5.535761350311688232e-04
5.535761793143762410e-04
5.535762220402015059e-04
5.535762632633763362e-04
5.535763030367131955e-04
5.535763414111675258e-04
5.535763784359095220e-04
5.535764141583813776e-04
5.535764486243602766e-04
5.535764818780173745e-04
5.535765139619683219e-04
5.535765449173375577e-04
5.535765747838034120e-04
5.535766035996499308e-04
5.535766314018160991e-04
5.535766582259449547e-04
5.535766841064258727e-04
5.535767090764423786e-04
5.535767331680096614e-04
5.535767564120192431e-04
5.535767788382764919e-04
5.535768004755408462e-04
5.535768213515600755e-04
5.535768414931074681e-04
5.535768609260137071e-04
5.535768796752038416e-04
5.535768977647264515e-04
5.535769152177823791e-04
5.535769320567613750e-04
5.535769483032612886e-04
5.535769639781242804e-04
5.535769791014588312e-04
5.535769936926645705e-04
5.535770077704622004e-04
5.535770213529121438e-04
5.535770344574402401e-04
5.535770471008600799e-04
5.535770592993933875e-04
5.535770710686915971e-04
5.535770824238563440e-04
5.535770933794571368e-04
5.535771039495518495e-04
5.535771141477035260e-04
5.535771239869996790e-04
5.535771334800647587e-04
5.535771426390819448e-04
5.535771514758043143e-04
5.535771600015714292e-04
5.535771682273245156e-04
