4.621109495808297177e-04
4.642911459950699597e-04
4.646903584415768462e-04
4.658132352566418926e-04
4.673598232010973312e-04
4.691887075980869437e-04
4.702886935231690899e-04
4.718906263395222767e-04
4.740354757829582624e-04
4.758657271489377541e-04
4.773311716450936472e-04
4.794220661097907290e-04
4.819930028777867181e-04
4.843800422843018406e-04
4.864861361006729990e-04
4.893348686427048721e-04
4.924088163678799323e-04
4.959347078203243378e-04
4.985960192591812942e-04
5.021862798318470992e-04
5.054343736779373609e-04
5.092035672133945904e-04
5.124140431661575960e-04
5.159749176592267001e-04
5.193845243944461738e-04
5.237975194889233407e-04
5.272464880655679817e-04
5.324073476470820611e-04
5.368573948819656272e-04
5.416940859462909992e-04
5.462072175950036983e-04
5.521531119494072068e-04
5.577231152125941170e-04
5.633051392608401115e-04
5.688498931643177483e-04
5.774447993498938760e-04
5.826907692055813574e-04
5.886480813466825291e-04
5.946219409011708167e-04
6.001606603546710914e-04
6.075805893885238059e-04
6.138629680287494570e-04
6.207264859040197581e-04
6.269404720001041332e-04
6.328033116970279218e-04
6.402824176065275309e-04
6.474009026014158246e-04
6.543139014695234946e-04
6.606802753833437023e-04
6.679485618527373179e-04
6.762561271350799952e-04
6.836228877005734710e-04
6.898318471297757402e-04
6.971016512695034882e-04
7.054793752105898786e-04
7.132666396225576617e-04
7.222441148056181698e-04
7.309141331284415817e-04
7.391619504414961286e-04
7.474746354886316942e-04
7.571576132173563978e-04
7.643313772433412041e-04
7.738167942809427539e-04
7.823911703632892419e-04
7.918932104291070842e-04
8.006901540391042323e-04
8.104428767028398588e-04
8.203176262366328490e-04
8.304045691767551795e-04
8.405457935946813400e-04
8.505361592195904638e-04
8.604621581826125054e-04
8.707310932947275430e-04
8.814905133808456118e-04
8.929519406489656299e-04
9.051375049742456640e-04
9.163530829488011073e-04
9.298967510721399630e-04
9.412766806276385645e-04
9.527285602567977857e-04
9.640669845282277915e-04
9.751619333557578042e-04
9.869402190408778364e-04
9.984796027155986003e-04
1.010398088701848626e-03
1.022284020265658115e-03
1.034271831220272969e-03
1.046262573952414301e-03
1.056303436068936792e-03
1.068162094134024898e-03
1.080727596949674447e-03
1.087678886155790149e-03
1.100903533022749067e-03
1.114150050460423333e-03
1.127593462410927993e-03
1.140468471861481479e-03
1.153918460731266160e-03
1.172533099980816286e-03
1.186761138981002640e-03
1.204695250065127227e-03
1.218224540560248646e-03
1.232413560826749318e-03
1.252446023280905790e-03
1.259969236522072867e-03
1.274235255188445326e-03
1.287632156054067598e-03
1.300021484757961148e-03
1.316447622131749649e-03
1.331747816163027015e-03
1.348706425276765056e-03
1.364609237635344913e-03
1.383656408030309011e-03
1.400008087900204371e-03
1.421984336322802342e-03
1.437048377160542612e-03
1.445643765261799387e-03
1.456067963553916685e-03
1.472501817944950027e-03
1.491423870866558305e-03
1.507462022891917306e-03
1.524894514189692723e-03
1.542754951593416825e-03
1.563554647520129081e-03
1.584604714087169261e-03
1.600908944307896913e-03
1.618901601365617740e-03
1.637481341202842982e-03
1.670419543671182753e-03
1.687719201430473498e-03
1.705939382598772392e-03
1.729845910459480197e-03
1.749126112169418221e-03
1.761924592199604674e-03
1.779054616138372492e-03
1.810849914886448293e-03
1.826534377085485767e-03
1.847307512948052812e-03
1.869311806584533558e-03
1.891050895430267933e-03
1.911759376240137641e-03
1.932184223125917900e-03
1.961302462136670782e-03
1.982576515801351934e-03
1.999971933247925247e-03
2.022840621650775703e-03
2.041971675668062796e-03
2.067780732799320755e-03
2.089083688560719118e-03
2.115376213233858063e-03
2.137637784574380247e-03
2.167106237805460460e-03
2.186908716597198675e-03
2.211239892757527453e-03
2.232824483349831086e-03
2.255992929482169684e-03
2.278757580503387725e-03
2.303791400628672943e-03
2.329215564202710524e-03
2.358488156873056810e-03
2.375748621960933719e-03
2.398990222722906674e-03
2.423734450572944277e-03
2.448171772953711307e-03
2.475191957965231730e-03
2.486066269015080495e-03
2.517430091769599487e-03
2.552639636269419740e-03
2.595541088813442532e-03
2.628727798902391697e-03
2.656414464854740809e-03
2.699806764812029587e-03
2.725829215988204678e-03
2.751728293424855320e-03
2.776996549565755208e-03
2.813617455894695720e-03
2.842802025123273863e-03
2.878538489337393452e-03
2.907951185531114976e-03
2.934583668225421767e-03
2.967953439683774369e-03
2.999978907867352843e-03
3.026419923992530302e-03
3.058065654019343459e-03
3.092086042138313205e-03
3.126305813385449935e-03
3.151982728385118501e-03
3.186772725131098872e-03
3.216460525412155168e-03
3.245359644600912755e-03
3.275073914666948825e-03
3.307297807816586901e-03
3.340097442376841960e-03
3.372599565522559333e-03
3.406678802999817905e-03
3.441541197579443476e-03
3.475084842855508723e-03
3.520500801836289832e-03
3.549917573214920064e-03
3.589292153714105250e-03
3.626689843232477548e-03
3.665525276877477315e-03
3.694702908597148703e-03
3.746921199203143843e-03
3.783784043268285761e-03
3.818730534629926482e-03
3.866141441509649609e-03
3.900717400969160812e-03
3.942666334266127851e-03
3.989733936715624853e-03
4.030605734326859341e-03
4.081255378171613594e-03
4.120707897782152802e-03
4.168352416288871598e-03
4.214760745418350864e-03
4.255763666710487246e-03
4.297029336269657038e-03
4.340642602284536938e-03
4.376983483200575994e-03
4.414624275099418745e-03
4.453144304440333212e-03
4.473732237190428986e-03
4.518594411675183435e-03
4.565413095279743233e-03
4.612503688559505856e-03
4.655245971756082415e-03
4.696385301380005123e-03
4.738937671504863357e-03
4.793471563590170730e-03
4.839297245171799745e-03
4.869744892864530210e-03
4.916997480216735508e-03
4.970517289855802372e-03
5.017519372302125559e-03
5.063249393776157216e-03
5.114573027114360099e-03
5.161378375234421979e-03
5.199263982713682973e-03
5.242247209020020268e-03
5.287653396612992246e-03
5.337312721102851348e-03
5.371292507376966563e-03
5.414771303903070758e-03
5.460262928437206037e-03
5.493327610617106463e-03
5.541587561456603160e-03
5.570418538258976177e-03
5.614732320065756767e-03
5.652209860492567010e-03
5.692371457876261968e-03
5.732257723897912251e-03
5.774022839359316608e-03
5.813965769070447015e-03
5.863166533181699697e-03
5.890029046175710575e-03
5.926182553729610232e-03
5.958887887997280260e-03
5.990629152418401604e-03
6.025509445243710030e-03
6.058077927252747061e-03
6.093254611861704736e-03
6.128627080253274718e-03
6.170227161891994952e-03
6.216072961929516513e-03
6.245185508927000688e-03
6.279714216305600644e-03
6.313315987011793376e-03
6.339975111633227266e-03
6.379868310814774436e-03
6.410927863394805595e-03
6.440242147897550645e-03
6.489179974118697465e-03
6.493881769911143478e-03
6.526572903337885846e-03
6.563956230316443131e-03
6.579790762556032499e-03
6.613078261865943525e-03
6.646737525639197751e-03
6.688967303967744728e-03
6.724401330008384844e-03
6.757908249631228853e-03
6.797951662231595076e-03
6.829397982752360464e-03
6.881992215204508698e-03
6.904167631139463725e-03
6.937853953715602921e-03
6.972530617804982740e-03
7.008133951554399235e-03
7.024688699870739773e-03
7.052850881278037790e-03
7.086817493847746147e-03
7.120087174450126857e-03
7.155370100952112428e-03
7.188641294496888635e-03
7.218873230584620625e-03
7.242079114558843539e-03
7.268922387172031992e-03
7.301187573278716814e-03
7.322709339361313519e-03
7.344392660802826454e-03
7.375289732227547843e-03
7.393718507156413731e-03
7.416727214892001457e-03
7.438172313368040557e-03
7.443243589773663495e-03
7.460457615142513516e-03
7.464081082492187574e-03
7.485736892291989207e-03
7.484335965651158808e-03
7.486820074841440270e-03
7.502980015276496453e-03
7.498729780922930473e-03
7.498983070453355687e-03
7.499683943062108483e-03
7.511030245956587699e-03
7.509788896446823771e-03
7.509845986585089901e-03
7.502599887755138051e-03
7.494676298474180730e-03
7.473862859452770624e-03
7.438529054758722878e-03
7.421625626896142039e-03
7.394283851072561142e-03
7.367539146627051852e-03
7.349698187405178176e-03
7.335178510581508854e-03
7.332304616983106524e-03
7.312409783092450009e-03
7.290320386853553838e-03
7.266174717956217291e-03
7.228082740006935326e-03
7.209185185987806652e-03
7.177305591352696121e-03
7.154034129667399301e-03
7.117497960409109418e-03
7.086845344536400748e-03
7.057347983512600627e-03
7.030390690703991474e-03
7.002809064514517456e-03
6.975759115308784002e-03
6.948626975846877545e-03
6.921898699300555076e-03
6.888034686341358223e-03
6.855334808835144948e-03
6.811468281208663336e-03
6.781600810936775671e-03
6.754255019957879774e-03
6.721857994311468583e-03
6.687081757056218163e-03
6.659370988765345167e-03
6.634989118038748038e-03
6.602822246062403470e-03
6.569173863076066544e-03
6.540555916322026049e-03
6.512040069617434403e-03
6.491409315392630483e-03
6.467459368052054167e-03
6.451949896200517669e-03
6.420018625042702050e-03
6.391517145412415821e-03
6.371954168220095825e-03
6.341541402180698485e-03
6.316679416938708776e-03
6.295655657185732744e-03
6.261254728144223687e-03
6.251760649552846709e-03
6.232091991297966822e-03
6.207893612002875379e-03
6.180582644913327171e-03
6.157139664032209268e-03
6.136180865645703315e-03
6.115857264069011166e-03
6.081056534853386021e-03
6.059457394816522222e-03
6.039933282771308039e-03
6.020969265445415795e-03
6.002856332063688169e-03
5.971870564995372319e-03
5.952079372620283464e-03
5.936888707277476578e-03
5.914382452500589228e-03
5.895812954980741462e-03
5.884605694557887984e-03
5.858598772014659249e-03
5.840883587503110236e-03
5.823129405364941072e-03
5.808636119445945156e-03
5.783946470224886685e-03
5.760418246174521528e-03
5.742244519719353138e-03
5.729878832425201567e-03
5.715393010775391899e-03
5.691781020498974837e-03
5.679926144343014176e-03
5.662382291944758825e-03
5.647359686884933713e-03
5.631665382466868180e-03
5.610813432894230096e-03
5.606902592321451849e-03
5.586185826020812102e-03
5.575342241350631813e-03
5.557644311859747700e-03
5.545556940952670912e-03
5.530312374635074600e-03
5.516284602409869155e-03
5.498675898737512106e-03
5.485975348401444553e-03
5.468522328315452916e-03
5.458804279537520995e-03
5.447832709501650682e-03
5.433446581288075596e-03
5.414585826873382669e-03
5.402698883118312902e-03
5.380963723927299075e-03
5.374054922858863617e-03
5.365434820075689303e-03
5.348846628179319308e-03
5.334219370071576101e-03
5.326438350115280697e-03
5.307380152305887951e-03
5.305428595931878551e-03
5.297034281246097535e-03
5.287125859842041475e-03
5.283451731074773408e-03
5.275279208118686253e-03
5.262549861102786344e-03
5.246715286971316387e-03
5.245375857490577713e-03
5.234992591929850565e-03
5.222788275777073830e-03
5.225527458015894085e-03
5.213543509106535745e-03
5.208004832032097318e-03
5.188775608528686280e-03
5.178278459738076302e-03
5.168885694878952788e-03
5.155717926525082984e-03
5.152019850172364669e-03
5.147782564968176461e-03
5.147215841661793335e-03
5.137597329735502615e-03
5.130175885607136076e-03
5.124470367884013944e-03
5.127014559035702329e-03
5.111326685237100806e-03
5.103202651849618812e-03
5.097788816704915300e-03
5.089650794316792279e-03
5.085695372985607129e-03
5.076644959233826866e-03
5.066888222924659062e-03
5.063113580333223479e-03
5.055321142974497466e-03
5.047150097731127258e-03
5.037744719051860838e-03
5.036978185409405825e-03
5.037789113306527337e-03
5.026064352073075781e-03
5.016513405109569376e-03
5.013864301037734492e-03
5.008577043414030351e-03
5.004974391391208213e-03
4.994245970075142198e-03
4.996649650776243366e-03
4.985035726198196702e-03
4.975960867219614454e-03
4.966041774342723654e-03
4.955932219190637561e-03
4.952239721886087138e-03
4.946114053251612040e-03
4.938219595677520966e-03
4.933799923609384283e-03
4.927913214131871000e-03
4.920367285834776998e-03
4.915273656061238707e-03
4.910373580404220339e-03
4.910722080841035432e-03
4.908379390247790720e-03
4.898953285255043706e-03
4.891879405511729249e-03
4.886774195318212971e-03
4.879652002510699929e-03
4.876447108983871306e-03
4.873589149479388288e-03
4.865596181250562112e-03
4.862472624192933079e-03
4.857112042142668930e-03
4.850147211188757419e-03
4.851352082317551828e-03
4.841833517804152234e-03
4.828945034991084968e-03
4.833884730015208103e-03
4.830984438287885992e-03
4.825618167280740743e-03
4.824298731769658191e-03
4.819686746810267382e-03
4.815489123127095379e-03
4.818078470386209962e-03
4.814667755388753190e-03
4.806344339828380434e-03
4.804283900748622729e-03
4.801939411533618675e-03
4.796963590111925045e-03
4.792288525738830525e-03
4.789886824381690660e-03
4.787572280736450067e-03
4.787805870332949819e-03
4.780670593755606199e-03
4.780380713942655735e-03
4.786426376859056857e-03
4.781082376055559822e-03
4.775880371387383229e-03
4.775745005993958445e-03
4.770860235037988235e-03
4.763112738640444717e-03
4.765314758537446058e-03
4.763624507272777760e-03
4.757001740870108603e-03
4.747967534812720658e-03
4.748987564734942490e-03
4.746703493896725287e-03
4.744410563390720481e-03
4.734473385599069495e-03
4.733707543457581213e-03
4.732994826615110479e-03
4.729965670507520203e-03
4.732693395254419962e-03
4.724643046231635432e-03
4.719296020778888587e-03
4.718676622578464250e-03
4.711251434075671742e-03
4.703594553822364015e-03
4.707471131608813655e-03
4.709379789081620006e-03
4.699301224704314529e-03
4.697167195109559941e-03
4.698205789017775164e-03
4.692799769959870269e-03
4.694994390514726536e-03
4.691523059749750681e-03
4.688989624534703644e-03
4.683042060831667068e-03
4.680389027212067746e-03
4.678015985668737380e-03
4.679876997063403543e-03
4.678531497552540497e-03
4.677348163077136439e-03
4.672718681410044893e-03
4.672688901601594093e-03
4.669491933482266752e-03
4.678153122219168812e-03
4.682242939554105178e-03
4.680960738740611721e-03
4.679278075251998466e-03
4.680493287850777048e-03
4.679249070458191273e-03
4.684401942411274382e-03
4.683119186620505851e-03
4.683660630175030294e-03
4.677961750790367822e-03
4.684409778307003537e-03
4.686312698331644884e-03
4.679839573284428483e-03
4.681364028348867015e-03
4.678231521524792678e-03
4.676542120073758774e-03
4.675031392715433588e-03
4.672245191436341823e-03
4.667041249480763550e-03
4.668025207534204357e-03
4.670653016246948536e-03
4.665458736271561012e-03
4.661061226160354530e-03
4.659435075656393442e-03
4.661584906484991103e-03
4.666529753382343479e-03
4.669613930590781059e-03
4.664384245860974526e-03
4.666562523319935964e-03
4.662697338171989045e-03
4.659259574438206868e-03
4.660142160022140434e-03
4.657640988794641869e-03
4.653373205914795342e-03
4.654048463855937207e-03
4.652497421772699461e-03
4.656715912438111685e-03
4.653172336522220370e-03
4.653896047611018674e-03
4.646819016995912439e-03
4.651078500566126206e-03
4.645736105462522532e-03
4.650761396689613233e-03
4.643650705835162054e-03
4.644914073590931079e-03
4.642696109153079780e-03
4.640568396226425231e-03
4.643549253763959786e-03
4.643823214937985860e-03
4.647106335657958699e-03
4.641142639546907631e-03
