4.621109495808297177e-04
4.652063965204567323e-04
4.664326706496579552e-04
4.685096454943576006e-04
4.710774024042955707e-04
4.739330180078189271e-04
4.757894667061138131e-04
4.784805522121186828e-04
4.817279612792016831e-04
4.850295988556394965e-04
4.884640095750020098e-04
4.916699458415894290e-04
4.952852200454176904e-04
4.990226648429538095e-04
5.030349513515216175e-04
5.074225514380954847e-04
5.102488396310067955e-04
5.155769750150911374e-04
5.198082171268094461e-04
5.252876699910270005e-04
5.301147943446763398e-04
5.356363404172859730e-04
5.405814917434043987e-04
5.458515989743615128e-04
5.515042153874010269e-04
5.579706090573247285e-04
5.674265186392594669e-04
5.743794498972315272e-04
5.814657100132053242e-04
5.899482515070213423e-04
5.967112777255184587e-04
6.066582290606941773e-04
6.147380294405350607e-04
6.230541863815791713e-04
6.314995392539931229e-04
6.393805177322516497e-04
6.545859837274530749e-04
6.688617283065089380e-04
6.781811267601792073e-04
6.861181340704379039e-04
6.904383699627536074e-04
7.000256504687937982e-04
7.095662218573849100e-04
7.196356479012080976e-04
7.298680684017390787e-04
7.430167209467210395e-04
7.511326449616197599e-04
7.669134893778944712e-04
7.839650018638704603e-04
7.962620153218345678e-04
8.020991722421605494e-04
8.054362631720867480e-04
8.261855396603715171e-04
8.385648664029386268e-04
8.394312673029512241e-04
8.527680001946303951e-04
8.661423650957100415e-04
8.808170727440710682e-04
8.944698357516105537e-04
9.087215749372113674e-04
9.225517233049815259e-04
9.378912845156537085e-04
9.680519369894263065e-04
9.836542347954864776e-04
9.994814946901163250e-04
1.014186128661022845e-03
1.030360124629912423e-03
1.046226029522316593e-03
1.072046606410769582e-03
1.091401330314342374e-03
1.108106833834140385e-03
1.125865447182879033e-03
1.143976173682318851e-03
1.161852134839534830e-03
1.181292183193897788e-03
1.199652271563778029e-03
1.218581180678890083e-03
1.236932769147573155e-03
1.257906427325748830e-03
1.277320041115242912e-03
1.302039766362938014e-03
1.311286161731620549e-03
1.330397161672468255e-03
1.354314036459444530e-03
1.376231751751483007e-03
1.398035431902243083e-03
1.425107741151233594e-03
1.438485285606571360e-03
1.465957496398988041e-03
1.486427507700823023e-03
1.505372862025751608e-03
1.518599772803421333e-03
1.539595420412575352e-03
1.566639027812582411e-03
1.589671701385119221e-03
1.617393250723440663e-03
1.642888047241905384e-03
1.666079770877346112e-03
1.695980504858935183e-03
1.720300204893320103e-03
1.753944978249974418e-03
1.765087067328129436e-03
1.786879100816968387e-03
1.813554499633821286e-03
1.836333132859540099e-03
1.855295246623455026e-03
1.883075655474701323e-03
1.905683999353278979e-03
1.933669395098205727e-03
1.957043720384653296e-03
1.980121337272014188e-03
2.017684267847713250e-03
2.039157948397638843e-03
2.069965927006363598e-03
2.094314807007012762e-03
2.119078358131180895e-03
2.141386297991660758e-03
2.203781494262758902e-03
2.240066036320672357e-03
2.274122150684396767e-03
2.304466009427250887e-03
2.341142089257243573e-03
2.376762031305469647e-03
2.404811807741079506e-03
2.455068248233163112e-03
2.476391769315014132e-03
2.506345491967008465e-03
2.539534963798352734e-03
2.571783671230774317e-03
2.611663178340797604e-03
2.639360193616503356e-03
2.679506145931835961e-03
2.714091426985983102e-03
2.756652632313113388e-03
2.778932691673855794e-03
2.818643042645644411e-03
2.844667933610546453e-03
2.880822748271991141e-03
2.909300388757168464e-03
2.949405103090734295e-03
2.981025610580713154e-03
3.010672952283926021e-03
3.039651478475413789e-03
3.071285689775216966e-03
3.096870043357761657e-03
3.127630718903709733e-03
3.173768985124762135e-03
3.194460889604293537e-03
3.220415497988676681e-03
3.277953424857311341e-03
3.318940177823973686e-03
3.372771673651274622e-03
3.405576648277835929e-03
3.432702495572030610e-03
3.486335851210900505e-03
3.525373393142663871e-03
3.552635210054451431e-03
3.606856674226281007e-03
3.628678433881818693e-03
3.679958245125175467e-03
3.706351763370116775e-03
3.739289405159898494e-03
3.775711906112693295e-03
3.835379275746973737e-03
3.868139143747706052e-03
3.886241481279004845e-03
3.911951716475456538e-03
3.952010337470616280e-03
4.005507010585077250e-03
4.080517120258213629e-03
4.112338599808421785e-03
4.162861742214740528e-03
4.198494820594068054e-03
4.255536150145945891e-03
4.289406626047721424e-03
4.336943350414048694e-03
4.376284944347118115e-03
4.421425991865035078e-03
4.486432554817664300e-03
4.543568024265468540e-03
4.617704104940958953e-03
4.671092746081956584e-03
4.711593559811892186e-03
4.746630806467352914e-03
4.787934496428885613e-03
4.817100862357150473e-03
4.887593592452552267e-03
4.955888938740916037e-03
4.974676882081801622e-03
5.020571600916600048e-03
5.069476179570291639e-03
5.098270378329406230e-03
5.122441036510150952e-03
5.172175438551501747e-03
5.209878369733886988e-03
5.249909885829492744e-03
5.300447909075689523e-03
5.346404807380412440e-03
5.397786688066066700e-03
5.438119811629309706e-03
5.487977993342469697e-03
5.531956127413044724e-03
5.577010426553925294e-03
5.613939599540289024e-03
5.659384949213508952e-03
5.737149980571286043e-03
5.793161486906457658e-03
5.866168890752155793e-03
5.924877567208631027e-03
5.976026235919037512e-03
6.035740461581524247e-03
6.094923509891988361e-03
6.153836827898949251e-03
6.222696818896682885e-03
6.274692613255262660e-03
6.415927949617325834e-03
6.476924204911669453e-03
6.519993681879722794e-03
6.603638066348546665e-03
6.663971076313615453e-03
6.734248117946768641e-03
6.800339341964951878e-03
6.870474532267928196e-03
6.955836992652581624e-03
7.083015243588345472e-03
7.137770627547876390e-03
7.194445603589672000e-03
7.275340788152765206e-03
7.358414271617717654e-03
7.441429843984227396e-03
7.502650805263217683e-03
7.567488742141184263e-03
7.619288856094334414e-03
7.684796661442793581e-03
7.734991500525052049e-03
7.827441768462230567e-03
7.917845833580249709e-03
8.002441616038507427e-03
8.073102884889897871e-03
8.138053835480968390e-03
8.210681634589454825e-03
8.273751450488198156e-03
8.363428396207779267e-03
8.437247713185814374e-03
8.522758488320682571e-03
8.622534519160358207e-03
8.680677045794263705e-03
8.769281086095665617e-03
8.856126603849736462e-03
8.953085075959902814e-03
9.006447754530735525e-03
9.113682591122730312e-03
9.205884685198926359e-03
9.328730230923185443e-03
9.419753954100088325e-03
9.506579943929801754e-03
9.615276769162692597e-03
9.697241790863635538e-03
9.795491346152514558e-03
9.899754451562820315e-03
9.977744617056746174e-03
1.005400595245602852e-02
1.014356093763092888e-02
1.025050384490993824e-02
1.038543622251411266e-02
1.048475914945641921e-02
1.059622310823185413e-02
1.070354908720446904e-02
1.075292018311388952e-02
1.087172410056054875e-02
1.095019548668539795e-02
1.106498396666823723e-02
1.116181468774338562e-02
1.122480554422934131e-02
1.133393989117336548e-02
1.144004102627209536e-02
1.154161928619860077e-02
1.162552241640755699e-02
1.169760031314169037e-02
1.179995700676879540e-02
1.191155839634454143e-02
1.198421881495359380e-02
1.205082784312843346e-02
1.214662123384925053e-02
1.225251844147300269e-02
1.235455063442961014e-02
1.242565233580666950e-02
1.250403027340422218e-02
1.256806779065120297e-02
1.263462800874005920e-02
1.271012426286306958e-02
1.276557638853314733e-02
1.286396239351331704e-02
1.292682418304701847e-02
1.298155440673082368e-02
1.310407282961638387e-02
1.315163529299851267e-02
1.318805984380552396e-02
1.329219707164191501e-02
1.335995397333535756e-02
1.340989855801989414e-02
1.345217761482222878e-02
1.348163347462077305e-02
1.355666317901019387e-02
1.360766634676595366e-02
1.364662172995561099e-02
1.372994398731964237e-02
1.380208901591563862e-02
1.388638052453981461e-02
1.390536151957588555e-02
1.398097694971056799e-02
1.404658203560591768e-02
1.406255606791561273e-02
1.410544657434668718e-02
1.415844327590201623e-02
1.419786497285135604e-02
1.426153320324133507e-02
1.430066307526504411e-02
1.435520875802038729e-02
1.435930854672540051e-02
1.441031382356789542e-02
1.448848684126082323e-02
1.453513667341729647e-02
1.459477971930581153e-02
1.464008745979945153e-02
1.469342311840546832e-02
1.473063721205190857e-02
1.479080390912983212e-02
1.487326342791748385e-02
1.492214503779430539e-02
1.498227315223067853e-02
1.510459340543152292e-02
1.516012565561491131e-02
1.521555220371118011e-02
1.525516132746529939e-02
1.532182890790303315e-02
1.535714587499242660e-02
1.542554602417602928e-02
1.547434383735950270e-02
1.550793666675524471e-02
1.556549496219871397e-02
1.566741204019836062e-02
1.569411977613781664e-02
1.572630081539667588e-02
1.579392261263777575e-02
1.582379948190987609e-02
1.583600202622850034e-02
1.586770858238763238e-02
1.589659096437391617e-02
1.593836476786889694e-02
1.594464766072934206e-02
1.597844278125868517e-02
1.602397270770244964e-02
1.604635308001717275e-02
1.609312385290954592e-02
1.613453493396554625e-02
1.615764595119662667e-02
1.619752453862012900e-02
1.625512077401573482e-02
1.626000650253957291e-02
1.627174968076498460e-02
1.625376324241724693e-02
1.632108423051204307e-02
1.634188377438862069e-02
1.633970447500112527e-02
1.633071355389667870e-02
1.634981350838933534e-02
1.634895153276479107e-02
1.632690895231755576e-02
1.630996139876926543e-02
1.629092093822546300e-02
1.629629693013050565e-02
1.625509427557218084e-02
1.623106854203634764e-02
1.619746323760453202e-02
1.617068088037910967e-02
1.616585113562834033e-02
1.612185564833324564e-02
1.607481825571849612e-02
1.603593825411442353e-02
1.598668787437088762e-02
1.594470310800459589e-02
1.589868235109244757e-02
1.584996535946700189e-02
1.579072408402586863e-02
1.573851304333863041e-02
1.573256833405186489e-02
1.569586015571784732e-02
1.566082316781565800e-02
1.559585694600141431e-02
1.552026949993898751e-02
1.546590064558110537e-02
1.543031285294256365e-02
1.535839929810743111e-02
1.529126744760313412e-02
1.522355057181302290e-02
1.517673284135110170e-02
1.510853057980224116e-02
1.503908604360686477e-02
1.494642193015425710e-02
1.488270437130763922e-02
1.480927991682424831e-02
1.475726653444683380e-02
1.468317177198186392e-02
1.460676750843121867e-02
1.455447953139030193e-02
1.450231576739649877e-02
1.444271214025221947e-02
1.436307045612598282e-02
1.430087244876291838e-02
1.423341673202584666e-02
1.419585924000718764e-02
1.413390753368175615e-02
1.407028266123708238e-02
1.401828100425022393e-02
1.396459652738602994e-02
1.390282094043041039e-02
1.382912103674106136e-02
1.378013081285727782e-02
1.372209236762882319e-02
1.365256863381281507e-02
1.360067989953137393e-02
1.352504795417673947e-02
1.346938481739210110e-02
1.341838619132530545e-02
1.336140869472218599e-02
1.330685983831706755e-02
1.325136342072024895e-02
1.318421325684310426e-02
1.313614457051657559e-02
1.308762584566367654e-02
1.305364206172517430e-02
1.300432265883465568e-02
1.295540056548806669e-02
1.291614012931303380e-02
1.286127772265073521e-02
1.282325790539098204e-02
1.276888268541338280e-02
1.273615820691645882e-02
1.267920769018372751e-02
1.265348569427843413e-02
1.261445676317424561e-02
1.256578725338499368e-02
1.252685292141351298e-02
1.247395028743780374e-02
1.244268717614483918e-02
1.240620530601473960e-02
1.237301139503915216e-02
1.232844116189337445e-02
1.230770426227211292e-02
1.226229491759993351e-02
1.222691394115069802e-02
1.219200405798398154e-02
1.215505801322201707e-02
1.211877159583828016e-02
1.208259182434836231e-02
1.204428706530704871e-02
1.201653343982096028e-02
1.198064806227937436e-02
1.194820312928525710e-02
1.191876470162876907e-02
1.186332995136383725e-02
1.182891156524329239e-02
1.180057927073617334e-02
1.176330625463832373e-02
1.172739714811056599e-02
1.169395055328860400e-02
1.166351115462928648e-02
1.163748990364252625e-02
1.160978144872413381e-02
1.157827977765420874e-02
1.154997213973468079e-02
1.150839073879866836e-02
1.147674830732509088e-02
1.144284282493304716e-02
1.140946373037262686e-02
1.138593631089011848e-02
1.135921121405803445e-02
1.134170037867620641e-02
1.129790937056675618e-02
1.128287120602689333e-02
1.124632969092538744e-02
1.122854056009766829e-02
1.120198776919107027e-02
1.117294513627744429e-02
1.115110746441020338e-02
1.111456407518179694e-02
1.109320173836696004e-02
1.105975290149594295e-02
1.105721887549945132e-02
1.103060563976211543e-02
1.101547698799934007e-02
1.100100196258475480e-02
1.097480749959827036e-02
1.096169062417628147e-02
1.092830238882312385e-02
1.090964663303583236e-02
1.088035056748624940e-02
1.086712191419609772e-02
1.084849309736035661e-02
1.082696801818886119e-02
1.080215309569197181e-02
1.078526736762885907e-02
1.079308751945575427e-02
1.079700405932698844e-02
1.078478177563450130e-02
1.076376843697448259e-02
1.075666028002246824e-02
1.074611156770313193e-02
1.074064457647893114e-02
1.074851106098101763e-02
1.073556980964720554e-02
1.071926515209084899e-02
1.071825546792424394e-02
1.068319964281794036e-02
1.067233914293104491e-02
1.064023538279324811e-02
1.063411828824359362e-02
1.061467658776577005e-02
1.059469319602335258e-02
1.058887684649017363e-02
1.056951208376383754e-02
1.055120899152406887e-02
1.052785253342697173e-02
1.051720643421453702e-02
1.051575143016784258e-02
1.049803345215548529e-02
1.048082976207145509e-02
1.045286028911733209e-02
1.043926851799108907e-02
1.042245805312812246e-02
1.040303714810536864e-02
1.038634773699709246e-02
1.037808639345072156e-02
1.036139263483721804e-02
1.035945568957363436e-02
1.034559274458234958e-02
1.033401249457314985e-02
1.030817730607577754e-02
1.029964380707610108e-02
1.027382963099162175e-02
1.029041907333800264e-02
1.029448278144221365e-02
1.027016584082284488e-02
1.024162053170239034e-02
1.023942255498465695e-02
1.025891633326833467e-02
1.022806190415913134e-02
1.022577103223181773e-02
1.021618750316808689e-02
1.021952856871484808e-02
1.020881936678418034e-02
1.018060283560580891e-02
1.019141995912809309e-02
1.017459078190358426e-02
1.016314653341007616e-02
1.016934910164360613e-02
1.016111021348129438e-02
1.015704710328031203e-02
1.014661048166403540e-02
1.014055343489593877e-02
1.011618355821650335e-02
1.012690307082537641e-02
1.011282185986555129e-02
1.009143408096339727e-02
1.008362375836651184e-02
1.008960308883144821e-02
1.010259967376014520e-02
1.010066962365419388e-02
1.008762600494798878e-02
1.008071103202617599e-02
1.006584973823919371e-02
1.006796219481080439e-02
1.007188457570122944e-02
1.005004376701682314e-02
1.003540098242633634e-02
1.003127473709290382e-02
1.002981619170065751e-02
1.003111751263272011e-02
1.002537687695419233e-02
1.003360291833698716e-02
1.001034320312167193e-02
1.001989765566466302e-02
1.001065401464714018e-02
1.000633889296408292e-02
1.000488381536232887e-02
1.001837481983845930e-02
1.001160184082320465e-02
1.001690378996598040e-02
9.998022088082730852e-03
9.986358625933354494e-03
9.979645089408144612e-03
9.995933394498945912e-03
9.990006549615232725e-03
9.983480733506088639e-03
9.996194184821031656e-03
9.990769335685980787e-03
9.954388606364170458e-03
9.966852302537415262e-03
9.962811172962150047e-03
9.951820972287478070e-03
9.946121758780800820e-03
9.951257626667788653e-03
9.946795404677726687e-03
9.930934395469985521e-03
9.928557060944438045e-03
9.924582185577492111e-03
9.908651924298378377e-03
9.910683648086273875e-03
9.898162375581815928e-03
9.902363368633452720e-03
9.885876746882923602e-03
9.878631208216272913e-03
9.875570275436793347e-03
9.877586909320773892e-03
9.866032931372656356e-03
9.891505619344239178e-03
9.878272426051238134e-03
9.894738093955151095e-03
9.883925815665928899e-03
9.893806713991841126e-03
9.898464068921234219e-03
9.885503149450379501e-03
9.883453599132634507e-03
9.879869265198775591e-03
9.895667371068953694e-03
9.885761676881314741e-03
9.894465782746011961e-03
9.879313463790916072e-03
9.885299240055536382e-03
9.872769017881494885e-03
9.877091506833236140e-03
9.881178908169502284e-03
9.871152045616480436e-03
9.897689622969291917e-03
9.895891917325629061e-03
9.878398467745326886e-03
9.877970408313540771e-03
9.865007282966279170e-03
9.866148660012435262e-03
9.868608577621793346e-03
9.887098879066863119e-03
9.879568602732960794e-03
9.864770020307068663e-03
9.857767093769684644e-03
9.863790594407617629e-03
9.849001270747377232e-03
9.840819765771929156e-03
9.842741903591646288e-03
9.855279471140739045e-03
9.858045761378686836e-03
9.864700256195848074e-03
9.850534951790683794e-03
9.849518193672317581e-03
9.860228109670894289e-03
9.843778537288006697e-03
9.849268139571052197e-03
9.852029869304211943e-03
9.841880290648067145e-03
9.856985486180370667e-03
9.855049257101870450e-03
9.845183601261088199e-03
9.823810688182702325e-03
9.812799472312781421e-03
9.816583480114014770e-03
9.816044200352249879e-03
9.817518076102814059e-03
9.820086421817034866e-03
9.816923573358593211e-03
9.801813612657996749e-03
9.806730645763536008e-03
9.792268405743919171e-03
9.804924793281991763e-03
9.795728798179238056e-03
9.802222313659764152e-03
9.783394594690216287e-03
9.787466062556796423e-03
9.840173918306920758e-03
9.819267940531043251e-03
9.828184267561367385e-03
9.811694804265328959e-03
9.815648990131773180e-03
9.806711086713590375e-03
9.802578635051968636e-03
9.798316069617578686e-03
9.795699743012928687e-03
9.791885989567960732e-03
9.789512827233937814e-03
9.780608094869648259e-03
9.778104686781573587e-03
9.799677333860770320e-03
9.796321827185329109e-03
9.804239123749756285e-03
9.799952979248001059e-03
9.799756103347982694e-03
9.820693140847847405e-03
9.815263544033243220e-03
9.826424142946080589e-03
9.811249643247452884e-03
9.824891078564521735e-03
9.826305085098629988e-03
9.827817805656178032e-03
9.818662216057535280e-03
9.818091586637446230e-03
9.835676626517752402e-03
9.819277936927019862e-03
9.843796633603199564e-03
9.841682141151572236e-03
9.835032269311878850e-03
9.842096794710066682e-03
9.820000903690792940e-03
9.832681078370986150e-03
9.828299575324543624e-03
9.835034383817645512e-03
9.810730518175547754e-03
9.824615877590207186e-03
9.818800165586531389e-03
9.833043975182514246e-03
9.810550693660428923e-03
9.831490601314477398e-03
9.822930357887440719e-03
9.822627897499009580e-03
9.818215384432650572e-03
9.833047119614931816e-03
9.833023550570163876e-03
9.830881745354258863e-03
9.822669704361429444e-03
9.813842787739121901e-03
9.818474322933406356e-03
9.820268059774452801e-03
9.806957900646931861e-03
9.824518358794087289e-03
9.826754433855167115e-03
9.835610615404463339e-03
9.840004360146988038e-03
9.835917423360884121e-03
9.831300180095602775e-03
9.836463348148005367e-03
9.829326911041874962e-03
9.843276508579244452e-03
9.847233868518094624e-03
9.837770435998646062e-03
9.835341285430459699e-03
9.834081363983756055e-03
9.835284457348500778e-03
9.841342022898982508e-03
9.839018776722607829e-03
9.832522615123679213e-03
9.842792310999043739e-03
9.840727154172999522e-03
9.849128053240931158e-03
9.838176804768989855e-03
9.846548755800150002e-03
9.856254439314392213e-03
9.848197535580614087e-03
9.849999003322800276e-03
9.846112369512565257e-03
9.840421307602070788e-03
9.828779333358832887e-03
9.827816006057647075e-03
9.833032922175230506e-03
9.824158851560052877e-03
9.826540784861488229e-03
9.829094276102644245e-03
9.833462498973046320e-03
9.826131917815785280e-03
9.815661068457189400e-03
9.842181201958568118e-03
9.836602841907323216e-03
9.849716012398892356e-03
9.840579811152180487e-03
9.826419251056952436e-03
9.840140266027353616e-03
9.857992347663841609e-03
9.844184880210637631e-03
9.846135741116470927e-03
9.843105242488743925e-03
9.854651111184276058e-03
9.847520896963455131e-03
9.845416878882873660e-03
9.846000760969751339e-03
9.844321789620448515e-03
9.865167334118829165e-03
9.855240170534712574e-03
9.848454761867502655e-03
9.856026483504943050e-03
9.843116903588989067e-03
9.844074938149767473e-03
9.852635115778995978e-03
9.839471082196418750e-03
9.856543373984514092e-03
9.833959420826548711e-03
9.836191847387780809e-03
9.848668497417514822e-03
9.854461360745390280e-03
9.832172094968736134e-03
9.822888812982924142e-03
9.845678298513934126e-03
9.839882131950489913e-03
9.825852972205067690e-03
