4.621109495808297177e-04
4.637770511844534465e-04
4.637562402588583910e-04
4.645213823409441358e-04
4.654657528480059172e-04
4.667617973208935522e-04
4.673602697112625446e-04
4.683770068805783739e-04
4.699385028727744401e-04
4.709394740142706774e-04
4.722480204595386134e-04
4.735643617546388259e-04
4.750601844782089355e-04
4.765669670974719734e-04
4.782409977896537995e-04
4.801311190259888412e-04
4.828547062262431304e-04
4.856854003810332551e-04
4.873793897543269270e-04
4.899528693237309353e-04
4.921307903688939417e-04
4.946130684254520203e-04
4.971280146174220744e-04
4.997455814334093470e-04
5.018829793886594092e-04
5.047356205240951859e-04
5.071730936699838559e-04
5.108709902547771235e-04
5.142371967916880508e-04
5.179026115786788563e-04
5.208641803964887684e-04
5.254317851885524464e-04
5.297932852595605216e-04
5.341954432706700652e-04
5.383293746167717823e-04
5.423384814419074558e-04
5.461614903486998809e-04
5.505386066864182727e-04
5.551971834632775599e-04
5.587846813044497008e-04
5.634062747782587598e-04
5.686376533380144236e-04
5.730033932965488547e-04
5.777167897927021952e-04
5.820140359319849821e-04
5.874843914586536748e-04
5.930583155240275184e-04
5.982053162591703102e-04
6.030574820062253481e-04
6.089224975946883490e-04
6.139021779875714502e-04
6.197259241383012637e-04
6.257006769636442971e-04
6.315619246342825443e-04
6.369511532566331539e-04
6.434289433202480119e-04
6.497970963083051074e-04
6.563894356592603558e-04
6.609054452549047122e-04
6.675262118510962277e-04
6.722139839808457607e-04
6.793499019784928622e-04
6.860502305115704497e-04
6.929236213384353665e-04
6.997558019317943372e-04
7.070047014684218778e-04
7.137806666435748829e-04
7.207492654274323327e-04
7.280259640690353064e-04
7.357169405569664866e-04
7.431439836578249353e-04
7.508198006749485518e-04
7.586428925632727679e-04
7.663116252314820277e-04
7.717401948652895206e-04
7.790063038473545596e-04
7.872501092198524271e-04
7.958528310828776433e-04
8.020140235856323442e-04
8.101574323459782888e-04
8.186504922966566502e-04
8.273927412209414320e-04
8.361067940959465315e-04
8.446338066151082725e-04
8.536174587856688346e-04
8.629935034594944133e-04
8.719421380730113654e-04
8.810180459626133949e-04
8.901424287600592658e-04
8.995617494585255152e-04
9.088329787957412234e-04
9.183145123569626733e-04
9.278170661137657722e-04
9.376786579482677573e-04
9.444225080055042992e-04
9.544971677178841832e-04
9.641787960882182386e-04
9.753590347734596893e-04
9.856069267267356972e-04
9.961561157850299959e-04
1.006659015040945078e-03
1.017077467739351936e-03
1.026914308049487476e-03
1.037619837910712210e-03
1.048333248404449171e-03
1.059706694156090133e-03
1.070841005109821964e-03
1.081968785983303391e-03
1.093282283503058810e-03
1.103124000977337600e-03
1.114438250270983555e-03
1.126052177621444895e-03
1.137695302579986873e-03
1.149246504921974709e-03
1.162801112246776743e-03
1.175044842454515525e-03
1.187566394647236474e-03
1.200276336812862660e-03
1.210961220777497177e-03
1.224119889472810368e-03
1.237509869304893612e-03
1.250222017317614408e-03
1.263548158474909599e-03
1.277701864389923147e-03
1.290987931853536125e-03
1.303645891117454761e-03
1.317429740590273304e-03
1.331783816630700791e-03
1.345388647604316840e-03
1.360594866192930442e-03
1.374823308177239214e-03
1.389748566711994501e-03
1.404346037458249286e-03
1.421223623841551221e-03
1.436063425512646829e-03
1.451812614634898557e-03
1.468793925054044354e-03
1.487500705063137972e-03
1.502741666768447676e-03
1.519359365237600437e-03
1.535290554489380978e-03
1.552125887674859952e-03
1.570780381639249636e-03
1.584657632966294995e-03
1.601432627400129318e-03
1.618416714410940687e-03
1.634694040583060904e-03
1.651214713377391688e-03
1.668781127395701667e-03
1.686141339105113940e-03
1.703393703428678031e-03
1.721276129158923023e-03
1.742549524375125490e-03
1.760605185544382315e-03
1.779301140729398897e-03
1.798337099266098058e-03
1.817281800132113578e-03
1.833815463518203778e-03
1.852368742478298098e-03
1.871850225495764845e-03
1.890854743571610723e-03
1.909667468954808238e-03
1.933813301095533860e-03
1.952702765232604666e-03
1.972218463102163363e-03
1.989036272270112721e-03
2.005463998450936810e-03
2.025361990799680843e-03
2.045067100350381889e-03
2.063994114111426022e-03
2.084851239199387272e-03
2.103804875424641115e-03
2.125034703585796866e-03
2.146370288107448364e-03
2.170667184233462509e-03
2.188975071262926238e-03
2.211054060523304741e-03
2.237612319087733601e-03
2.259377386899351445e-03
2.276513614531961317e-03
2.296529560597662320e-03
2.319171966522886978e-03
2.341221115060884098e-03
2.364552214230212362e-03
2.386693578311301252e-03
2.408671747855299205e-03
2.431786350653514488e-03
2.453387460162947693e-03
2.477177526460355456e-03
2.496098716153431676e-03
2.519414102812591975e-03
2.540501834514956835e-03
2.563618064099790726e-03
2.591665741079754361e-03
2.613034651445062580e-03
2.635723451195353621e-03
2.656170704232937822e-03
2.677338837336440663e-03
2.699228570278073159e-03
2.724959634941641253e-03
2.746797708712837155e-03
2.767814413882694995e-03
2.788016473165176676e-03
2.808503871812808965e-03
2.822312489481337838e-03
2.844762966363229267e-03
2.864966182009997826e-03
2.885391038126825652e-03
2.904272246983663399e-03
2.921481832870579005e-03
2.939464708615674091e-03
2.958225150203080966e-03
2.975425064912110267e-03
2.994846596590741011e-03
3.010510310025231711e-03
3.028748280151321356e-03
3.042781193248830611e-03
3.060501664985442773e-03
3.076799504320328407e-03
3.092882159141166314e-03
3.107213415972732984e-03
3.118873903112976201e-03
3.133478794005907335e-03
3.151532827082261911e-03
3.166349894349990493e-03
3.180495929262955410e-03
3.194404847139839694e-03
3.204958438729244713e-03
3.212014681841204172e-03
3.224284688372822723e-03
3.236300684868503603e-03
3.245779714437765744e-03
3.248209910550363573e-03
3.255668670347206320e-03
3.264212536975959200e-03
3.270534892291033884e-03
3.281664872327008046e-03
3.282453504188783452e-03
3.289668941527896812e-03
3.288899299403559313e-03
3.290891105304184425e-03
3.295158861356909264e-03
3.294350365644532156e-03
3.290778955114619184e-03
3.291524733553018774e-03
3.291700773572033955e-03
3.293737482992012411e-03
3.290392634372201527e-03
3.286375757717078551e-03
3.289093727164831699e-03
3.281464174770762961e-03
3.277388080109794235e-03
3.275228317296417693e-03
3.264432471661998358e-03
3.258307862610566961e-03
3.254164738347928298e-03
3.246991256826389002e-03
3.241860967597347785e-03
3.231955985416830497e-03
3.226615541638530853e-03
3.217590454110051852e-03
3.203120855357388923e-03
3.197353256342706177e-03
3.189329097804856957e-03
3.186935661760275599e-03
3.173464677755419034e-03
3.164604540044990179e-03
3.154038092240160889e-03
3.148931921290971242e-03
3.139102453395076642e-03
3.129872968393302302e-03
3.116212276021183922e-03
3.108594197839743833e-03
3.100391306887398390e-03
3.088418612268905173e-03
3.076066377925220328e-03
3.065875233221093069e-03
3.055698133932992222e-03
3.052665912822033218e-03
3.036799460660679489e-03
3.027850592801483581e-03
3.020276135172395536e-03
3.008137759631033994e-03
3.001868967393291326e-03
2.991334371099241621e-03
2.978797484169326201e-03
2.970055167915532264e-03
2.963862196656618340e-03
2.952860436788041359e-03
2.943001350737135292e-03
2.937230812173158897e-03
2.924881513184951400e-03
2.914241978710404093e-03
2.904838870414967397e-03
2.895536075214158889e-03
2.885441328311701917e-03
2.876805509532815754e-03
2.868202995884759025e-03
2.860246515449891853e-03
2.850356955139911243e-03
2.843894572441792775e-03
2.835071191074180989e-03
2.828631359778157207e-03
2.826154037342976360e-03
2.820898918810877710e-03
2.813382535527253741e-03
2.805927971868709802e-03
2.797555695670055596e-03
2.791610888713587455e-03
2.783677885570586506e-03
2.774699802651580879e-03
2.769088619699500327e-03
2.763210472909977556e-03
2.755659104878856180e-03
2.750386610628223396e-03
2.739248099395677136e-03
2.735092734418666238e-03
2.727613012695299499e-03
2.721019978643962178e-03
2.714831870488772225e-03
2.710256962766561216e-03
2.704534717800657646e-03
2.696371216515195020e-03
2.691867744478985101e-03
2.685326451403719124e-03
2.680825882561983092e-03
2.677179917244548561e-03
2.674052981127690055e-03
2.663877801647828239e-03
2.660487654732753698e-03
2.656384736079122049e-03
2.653075975681942322e-03
2.644408087611370417e-03
2.642313392447287208e-03
2.635170278831326998e-03
2.631295882436280806e-03
2.626965334984299617e-03
2.620697750279152131e-03
2.618518714808911949e-03
2.614405042176845551e-03
2.606975875090502756e-03
2.605801256082062711e-03
2.604173496613726695e-03
2.591216731051944160e-03
2.590390062480590287e-03
2.586099191348422473e-03
2.581452378041964191e-03
2.582377098005914865e-03
2.576252871356811153e-03
2.572834027337011532e-03
2.571107028827889721e-03
2.566083576567670596e-03
2.560231725676175019e-03
2.562375985814391039e-03
2.556769764763228408e-03
2.552098994332622790e-03
2.550861315731159287e-03
2.545758537134123166e-03
2.542603405354925891e-03
2.537180486813056871e-03
2.534243600297658629e-03
2.533286269647868315e-03
2.532766580029734843e-03
2.528125987032817448e-03
2.523541923354492497e-03
2.522506975505855228e-03
2.522186076794176533e-03
2.518416220453014668e-03
2.511688293626170888e-03
2.508857538640000846e-03
2.506963225246331209e-03
2.504301787293435316e-03
2.501959265444470004e-03
2.503712256053692957e-03
2.498228707692506500e-03
2.497807902070991581e-03
2.494033955307988631e-03
2.491137152867823473e-03
2.489774506440129136e-03
2.482651991254263349e-03
2.481398670423445169e-03
2.478428735075969679e-03
2.476760749823366317e-03
2.472534631649705820e-03
2.471388272005862856e-03
2.468069965467400290e-03
2.466295710001424699e-03
2.462196441896566911e-03
2.460492537515418347e-03
2.459175143697174461e-03
2.457646031780038633e-03
2.454714129821425079e-03
2.451296705186649903e-03
2.448867219844959482e-03
2.446570901089789064e-03
2.444007359786683729e-03
2.443649843510015303e-03
2.439889867497747021e-03
2.439901117448672278e-03
2.437213445900944346e-03
2.433098652150309307e-03
2.432081030324514601e-03
2.433279345152690714e-03
2.431062400623129182e-03
2.429964601582187880e-03
2.425715324956913971e-03
2.423740074528979091e-03
2.423881746867707129e-03
2.421709534211506382e-03
2.419338758751272359e-03
2.418729388142480934e-03
2.418320407787288157e-03
2.415791389696853812e-03
2.413688261647881517e-03
2.411722718975787150e-03
2.410292678853720276e-03
2.409139877294255282e-03
2.407438584914491867e-03
2.406865211721439645e-03
2.407508155435777140e-03
2.404370045518259592e-03
2.401793201093639293e-03
2.401433913088240127e-03
2.400625501204945583e-03
2.400547686735434415e-03
2.397370095628549580e-03
2.396394058764180629e-03
2.396931911787244379e-03
2.395795500849928848e-03
2.395865374700419624e-03
2.393232995219250672e-03
2.392415378268384664e-03
2.390449926291695910e-03
2.389366469646212951e-03
2.388798068870008791e-03
2.388510335236214595e-03
2.386824504219055461e-03
2.385733977316482641e-03
2.384249437810968646e-03
2.384284841316714181e-03
2.382720171296859139e-03
2.381213570992943111e-03
2.380046911219301214e-03
2.380153067588234358e-03
2.380045302816359565e-03
2.377242864943356852e-03
2.376715573411910566e-03
2.376530016552557464e-03
2.377493368402184681e-03
2.373483855275978962e-03
2.372574740006311127e-03
2.372671698108590708e-03
2.372471018988915603e-03
2.371054459662521197e-03
2.369914054066570974e-03
2.369286003288647094e-03
2.369200853191680192e-03
2.368042769420261335e-03
2.367399715086359116e-03
2.368696762123978505e-03
2.368875511284097412e-03
2.367049181138031200e-03
2.364645435216818168e-03
2.368393268456087976e-03
2.365174758412834106e-03
2.366471883369511420e-03
2.366979127388736670e-03
2.366433612097682253e-03
2.366723800322449202e-03
2.365043224680056944e-03
2.360780939067909628e-03
2.360011363997429387e-03
2.361257698504671057e-03
2.361403603602551821e-03
2.361173478075101039e-03
2.358714069811034594e-03
2.360672965210578421e-03
2.363104265300628240e-03
2.361568465730972538e-03
2.361746865836750024e-03
2.359151886201138817e-03
2.360914580426119475e-03
2.359547430425343404e-03
2.360856060126599165e-03
2.359444503575403636e-03
2.357885278391781518e-03
2.355715074446739984e-03
2.359640564865558062e-03
2.359619439212012979e-03
2.358389810555786351e-03
2.357677771669844640e-03
2.356180491469594875e-03
2.355723660523998016e-03
2.355253869444823289e-03
2.354991303379405654e-03
2.353666707777116347e-03
2.352714365060193987e-03
2.353506367482093367e-03
2.352286182115576399e-03
2.351839094833134934e-03
2.352630090944727095e-03
2.353116479457543261e-03
2.353569244871720357e-03
2.350063718833428870e-03
2.350522571288393616e-03
2.349247133743256107e-03
2.350903943457551774e-03
2.349864441178131039e-03
2.350451915297509589e-03
2.348797252597123464e-03
2.349372083809109571e-03
2.348991119364557227e-03
2.348218010038010360e-03
2.346177761999441915e-03
2.349202220649963032e-03
2.346801209064461845e-03
2.348473373477563339e-03
2.348813418744887666e-03
2.345616101680722456e-03
2.346146881233058656e-03
2.346854050187120299e-03
2.345460521534655472e-03
2.345897929151662294e-03
2.343635973446399606e-03
2.345252939331107615e-03
2.346310900905473808e-03
2.344680601993040514e-03
2.345695620683104811e-03
2.344757882954575171e-03
2.346325276564500267e-03
2.343976321531666095e-03
2.345781718515642291e-03
2.343801892477718422e-03
2.343200906750431828e-03
2.340899144720168159e-03
2.342368091351860592e-03
2.341665827367443806e-03
2.342234616035985574e-03
2.343135218444291831e-03
2.342876001770096903e-03
2.343499577151105743e-03
2.342310924292258408e-03
2.343216992837482762e-03
2.342370124363809050e-03
2.339122247468802297e-03
2.341342135752484503e-03
2.340686298160626639e-03
2.342485420323582850e-03
2.339901532520838323e-03
2.341880753682296003e-03
2.342642158739224271e-03
2.339328873839307231e-03
2.346245095559142905e-03
2.347016269934586348e-03
2.344136888103194420e-03
2.345590015951945322e-03
2.341740433400738182e-03
2.345139415020379165e-03
2.340859071502997355e-03
2.344410105956557227e-03
2.341334880575959409e-03
2.342406611987908702e-03
2.342045070593715399e-03
2.344022830550257768e-03
2.342843519944583751e-03
2.344829697341267293e-03
2.342955887925099630e-03
2.343915579326350147e-03
2.339558100298654193e-03
2.342559984693639262e-03
2.343695449615341292e-03
2.342262347219294452e-03
2.340394329443812923e-03
2.343333553805186566e-03
2.341395714652169495e-03
2.342235370165621482e-03
2.342688527982227705e-03
2.343148067475308086e-03
2.341525099385225427e-03
2.340769862270522268e-03
2.339719623179773497e-03
2.339455869102239662e-03
2.342429478311423494e-03
2.343653070043056220e-03
2.344157552381722753e-03
2.341639065639442626e-03
2.342682751164723749e-03
2.342084460249486012e-03
2.342838964136124101e-03
2.343152718245321113e-03
2.339176737391446617e-03
2.343146314234447868e-03
2.343532125381829218e-03
2.339990467398801646e-03
2.342047546741363433e-03
2.341148055988215727e-03
2.342772906719929951e-03
2.342736220693101157e-03
2.341428610698234603e-03
2.339175811577579641e-03
